ਝੋ 0.193750 0.288606 0.037500 0.163418
ਨੇ 0.235000 0.276612 0.043333 0.166417
ਦੀ  0.283750 0.278111 0.045833 0.136432
ਪ 0.325833 0.290105 0.026667 0.121439
ਰਾ 0.355000 0.295352 0.031667 0.116942
ਲੀ  0.399583 0.287856 0.055833 0.143928
ਨੂੰ 0.446250 0.305847 0.037500 0.173913
ਅੱ 0.493333 0.282609 0.046667 0.163418
ਗ 0.540000 0.314093 0.041667 0.121439
ਨਾ 0.593750 0.301349 0.052500 0.116942
ਲਾ 0.659583 0.296102 0.059167 0.103448
ਓ 0.714167 0.273613 0.045000 0.151424
ਸ 0.200417 0.479760 0.035833 0.101949
ਗੋਂ 0.246667 0.464768 0.051667 0.131934
ਇ 0.299167 0.464018 0.043333 0.151424
ਸ  0.334167 0.478261 0.033333 0.113943
ਨੂੰ 0.378750 0.491754 0.040833 0.161919
ਖੇ 0.423750 0.476012 0.035833 0.130435
ਤ 0.458333 0.490255 0.031667 0.107946
ਵਿੱ 0.510000 0.470765 0.041667 0.134933
ਚ  0.552083 0.469265 0.040833 0.149925
ਹੀ 0.604583 0.470765 0.050833 0.137931
ਮਿ 0.657083 0.469265 0.049167 0.149925
ਲਾ 0.705000 0.487256 0.045000 0.116942
ਓ  0.752500 0.467016 0.045000 0.145427
ਖੇ 0.211667 0.626687 0.030000 0.092954
ਤੀ 0.239167 0.633433 0.028333 0.097451
ਬਾ 0.265833 0.636432 0.025000 0.070465
ੜੀ 0.293333 0.634933 0.028333 0.100450
ਅ 0.335000 0.638681 0.036667 0.068966
ਤੇ 0.365417 0.631934 0.027500 0.100450
ਕਿ 0.401667 0.631934 0.031667 0.097451
ਸਾ 0.432917 0.640930 0.030833 0.073463
ਨ 0.461250 0.642429 0.024167 0.085457
ਭ 0.492917 0.643178 0.025833 0.068966
ਲਾ 0.526667 0.643928 0.035000 0.070465
ਈ  0.562083 0.639430 0.035833 0.091454
ਵਿ 0.605417 0.632684 0.029167 0.089955
ਭਾ 0.635417 0.646927 0.029167 0.076462
ਗ, 0.670833 0.650675 0.036667 0.095952
ਪੰ 0.712917 0.644678 0.029167 0.092954
ਜਾ 0.741667 0.647676 0.028333 0.077961
ਬ 0.772083 0.646177 0.032500 0.074963