ਮੇ 0.482667 0.258454 0.042667 0.154589
ਰੇ 0.523333 0.264493 0.038667 0.147343
ਪਿ 0.581333 0.264493 0.048000 0.137681
ਆ 0.632000 0.286232 0.058667 0.103865
ਰੇ 0.679333 0.269324 0.033333 0.142512
ਵਿ 0.728000 0.280193 0.040000 0.120773
ਦਿ 0.769333 0.278986 0.040000 0.123188
ਆ 0.811333 0.292271 0.049333 0.101449
ਰ 0.850667 0.297101 0.026667 0.091787
ਥੀ 0.886000 0.286232 0.038667 0.108696
ਓ 0.921333 0.287440 0.034667 0.111111
ਜੀ 0.562000 0.415459 0.060000 0.106280
ਆ 0.644667 0.428744 0.070667 0.094203
ਇ 0.710000 0.421498 0.052000 0.103865
ਆਂ 0.774667 0.421498 0.066667 0.103865
ਨੂੰ 0.840000 0.433575 0.042667 0.161836
ਮੈਂ  0.448667 0.518116 0.025333 0.079710
ਤੁ 0.474000 0.539855 0.020000 0.079710
ਹਾ 0.496000 0.533816 0.021333 0.072464
ਡੀ 0.520000 0.526570 0.024000 0.077295
ਉ 0.549333 0.533816 0.021333 0.082126
ਡੀ 0.572000 0.532609 0.021333 0.074879
ਕ 0.589333 0.533816 0.018667 0.053140
ਵਿੱ 0.615333 0.532609 0.022667 0.074879
ਚ 0.634000 0.537440 0.017333 0.055556
ਥਾ 0.657333 0.541063 0.021333 0.057971
ਹਾਂ 0.680000 0.535024 0.021333 0.070048
ਉ 0.708000 0.541063 0.018667 0.086957
ਲਾ 0.728000 0.542271 0.024000 0.065217
ਰੀ  0.753333 0.535024 0.021333 0.074879
ਬੈ 0.778000 0.530193 0.017333 0.079710
ਠਾਂ 0.796000 0.536232 0.018667 0.067633
ਹਾਂ 0.822000 0.542271 0.022667 0.065217
। 0.840000 0.549517 0.008000 0.055556
ਤੁ 0.850000 0.550725 0.012000 0.067633
ਹਾ 0.869333 0.542271 0.021333 0.055556
ਡੇ 0.890667 0.536232 0.016000 0.077295
ਆ 0.908667 0.542271 0.017333 0.050725
ਉ 0.923333 0.541063 0.012000 0.077295
ਣ 0.932667 0.539855 0.009333 0.060386
ਨਾ 0.442667 0.640097 0.029333 0.072464
ਲ 0.470000 0.637681 0.022667 0.072464
ਮੇ 0.495333 0.630435 0.017333 0.077295
ਰਾ 0.517333 0.637681 0.024000 0.072464
ਵਿ 0.551333 0.632850 0.025333 0.082126
ਹ 0.572667 0.640097 0.020000 0.057971
ੜਾ 0.596000 0.637681 0.026667 0.067633
ਖਿ 0.632667 0.635266 0.028000 0.077295
ੜ 0.656000 0.641304 0.018667 0.070048
ਉੱ 0.679333 0.636473 0.014667 0.084541
ਠ 0.693333 0.637681 0.013333 0.077295
ਦਾ 0.712667 0.640097 0.020000 0.062802
ਹੈ 0.735333 0.629227 0.017333 0.074879
। 0.758000 0.637681 0.009333 0.057971
ਮੇ 0.770667 0.632850 0.013333 0.077295
ਰੀ 0.789333 0.632850 0.021333 0.077295
ਅ 0.815333 0.636473 0.017333 0.060386
ਸੀ 0.834000 0.631643 0.020000 0.070048
ਸ 0.852000 0.638889 0.016000 0.070048
ਹੈ  0.869333 0.635266 0.016000 0.067633
ਕਿ 0.889333 0.630435 0.018667 0.072464
ਤੁ 0.905333 0.641304 0.013333 0.070048
ਸੀਂ 0.922667 0.628019 0.018667 0.067633
ਪ 0.457333 0.741546 0.018667 0.067633
ੜ੍ਹ 0.474000 0.746377 0.014667 0.082126
ਲਿ 0.497333 0.739130 0.021333 0.072464
ਖ 0.517333 0.742754 0.016000 0.060386
ਕੇ 0.539333 0.736715 0.017333 0.077295
ਉੱ 0.562667 0.741546 0.018667 0.091787
ਚੇ 0.578000 0.746377 0.012000 0.082126
ਮੁ 0.598000 0.747585 0.017333 0.084541
ਕਾ 0.616667 0.748792 0.020000 0.067633
ਮ 0.637333 0.740338 0.018667 0.070048
ਤੇ 0.657333 0.736715 0.013333 0.077295
ਪ 0.674667 0.750000 0.016000 0.074879
ਹੁੰ 0.688667 0.739130 0.014667 0.096618
ਚੋ  0.704667 0.737923 0.017333 0.084541
ਤਾਂ 0.726667 0.737923 0.016000 0.065217
ਕਿ 0.746667 0.736715 0.013333 0.082126
ਮੈਂ 0.766000 0.733092 0.014667 0.074879
ਮਾ 0.784667 0.741546 0.017333 0.067633
ਣ 0.800667 0.737923 0.012000 0.060386
ਮ 0.816667 0.741546 0.012000 0.062802
ਹਿ 0.830667 0.737923 0.013333 0.084541
ਸੂ 0.843333 0.748792 0.012000 0.086957
ਸ 0.855333 0.743961 0.009333 0.062802
ਕ 0.867333 0.745169 0.009333 0.060386
ਰ 0.876000 0.741546 0.010667 0.067633
ਸ 0.890000 0.741546 0.012000 0.053140
ਕਾਂ 0.901333 0.740338 0.013333 0.074879
ਤੁ 0.546667 0.864734 0.026667 0.101449
ਹਾ 0.582000 0.856280 0.044000 0.074879
ਡਾ 0.626667 0.851449 0.042667 0.079710
ਸ 0.674000 0.850242 0.030667 0.072464
ਕੂ 0.702667 0.868357 0.021333 0.103865
ਲ 0.734667 0.849034 0.037333 0.079710