ਮਾ 0.206349 0.324529 0.035053 0.029514
ਤਾ 0.244378 0.321801 0.037698 0.032490
ਗੁ 0.285714 0.325273 0.030423 0.033978
ਜ਼ 0.314319 0.317336 0.026786 0.034474
ਰੀ 0.343750 0.312252 0.034061 0.039187
ਚੈ 0.387401 0.308780 0.029431 0.042163
ਰੀ 0.418981 0.308408 0.035714 0.039931
ਟੇ 0.452050 0.305680 0.028439 0.038442
ਬ 0.477844 0.308408 0.028439 0.032986
ਲ 0.505787 0.306052 0.034722 0.035218
ਆ 0.556878 0.305928 0.046958 0.031002
ਯੂ 0.598545 0.307044 0.031085 0.042659
ਰ 0.627149 0.300099 0.027447 0.031746
ਵੈ 0.653770 0.293527 0.031085 0.043403
ਦਿ 0.689980 0.291791 0.041336 0.041419
ਕ 0.725364 0.293899 0.036706 0.033234
ਡਿ 0.778604 0.285962 0.041997 0.040675
ਸ 0.816634 0.288318 0.032077 0.034474
ਪੈਂ 0.851687 0.282242 0.041336 0.045635
ਸ 0.886574 0.285962 0.033730 0.032242
ਰੀ 0.927910 0.277034 0.044974 0.042163
ਇੱ 0.282573 0.367312 0.029431 0.035218
ਥੇ  0.306052 0.366567 0.024802 0.033730
ਹ 0.330357 0.368676 0.021825 0.027034
ਰ 0.351521 0.365947 0.021825 0.025546
ਬਿ 0.380291 0.362103 0.028439 0.035714
ਮਾ 0.406085 0.363591 0.026455 0.030258
ਰੀ 0.433697 0.359003 0.030093 0.036458
ਦਾ 0.466766 0.360739 0.034061 0.026042
ਇ 0.504960 0.356275 0.031085 0.036458
ਲਾ 0.533730 0.358011 0.030423 0.027530
ਜ 0.559193 0.354539 0.025794 0.030506
ਆ 0.593585 0.356275 0.035714 0.029514
ਯੂ 0.623843 0.357639 0.024802 0.040675
ਰ 0.644015 0.350322 0.019511 0.034474
ਵੈ 0.663360 0.346602 0.023148 0.039435
ਦਿ 0.687665 0.348090 0.029431 0.036458
ਕ 0.714286 0.348338 0.031085 0.031498
ਦ 0.744709 0.348958 0.025794 0.030258
ਵਾ 0.771825 0.345610 0.030423 0.032986
ਈ 0.801091 0.342882 0.030093 0.039931
ਆਂ 0.835648 0.341394 0.042328 0.034474
ਦੇ  0.206845 0.410590 0.024802 0.031002
ਨਾ 0.234788 0.411334 0.027778 0.024058
ਲ 0.260582 0.411086 0.025794 0.026042
ਬਿ 0.290840 0.407986 0.027447 0.033730
ਨਾਂ 0.317460 0.410342 0.027778 0.041419
ਕਿ 0.350198 0.403894 0.030423 0.037946
ਸੇ 0.375331 0.400670 0.021825 0.034474
ਸਾ 0.405258 0.404514 0.030093 0.028274
ਈ 0.433697 0.400050 0.026786 0.037202
ਡ 0.458003 0.402530 0.023810 0.028274
ਇ 0.489749 0.397941 0.028439 0.034474
ਫੈ 0.512731 0.395957 0.022817 0.039931
ਕ 0.533896 0.400050 0.022817 0.028770
ਟ 0.554563 0.396205 0.025794 0.032490
ਤੋਂ 0.587963 0.392113 0.030423 0.037698
ਸ 0.620205 0.396577 0.022817 0.027778
ਫ 0.641700 0.394841 0.020172 0.032242
ਲ 0.662864 0.394221 0.024140 0.032490
ਤਾ 0.688492 0.393477 0.033069 0.029514
ਨਾ 0.725694 0.392485 0.034061 0.029018
ਲ 0.756118 0.389633 0.024802 0.031746
ਕੀ 0.792824 0.386161 0.036045 0.037202
ਤਾ  0.824570 0.387277 0.034722 0.027034
ਜਾਂ 0.866733 0.382440 0.035053 0.032242
ਦਾ 0.901290 0.383805 0.034061 0.029514
ਹੈ 0.941138 0.376984 0.033069 0.039187
ਸ 0.220569 0.458953 0.019180 0.024058
ਪੈ 0.237930 0.454117 0.015542 0.028274
ਸ਼ 0.253638 0.455853 0.019180 0.023313
ਲਿ 0.274636 0.454117 0.024802 0.026786
ਸ਼ 0.294974 0.455481 0.017196 0.024058
ਟ 0.311508 0.452381 0.017196 0.023313
:- 0.333995 0.455233 0.027778 0.015129
ਜੋ 0.365245 0.450273 0.020172 0.027530
ੜਾਂ 0.387897 0.450025 0.028439 0.025546
ਦੇ 0.417659 0.447545 0.025794 0.027530
ਦ 0.443287 0.449281 0.022156 0.021577
ਰ 0.462632 0.449281 0.016534 0.024058
ਦ 0.479497 0.448537 0.021164 0.024058
, 0.495370 0.454861 0.011905 0.008929
ਗ 0.518188 0.447173 0.023148 0.022817
ਠੀ 0.542659 0.445561 0.025794 0.029018
ਆ 0.570106 0.444692 0.035053 0.024802
, 0.602679 0.451389 0.013558 0.017361
ਕ 0.626157 0.444196 0.024140 0.024802
ਮ 0.648644 0.442708 0.020833 0.023313
ਰ 0.668485 0.441716 0.022156 0.024306
ਦ 0.695437 0.442832 0.023148 0.022073
ਰ 0.714286 0.441468 0.018519 0.024802
ਦ 0.734127 0.439608 0.023148 0.025546
, 0.749173 0.448909 0.012897 0.010913
ਸ 0.775794 0.440600 0.023810 0.022073
ਲਿੱ 0.801587 0.436260 0.031085 0.028274
ਪ 0.826885 0.439236 0.024802 0.023313
ਡਿ 0.860450 0.436260 0.033069 0.028274
ਸ 0.887897 0.437500 0.23810 0.022817
ਕ 0.910549 0.435268 0.024802 0.024802
,0.927910 0.443452 0.013889 0.012401
ਗ 0.222884 0.485491 0.021825 0.022073
ਰ 0.240410 0.484375 0.016534 0.021329
ਦ 0.256448 0.483755 0.015542 0.022569
ਨ  0.273313 0.483383 0.020172 0.021825
ਦ 0.297288 0.483383 0.021825 0.021825
ਰ 0.315311 0.481647 0.015542 0.022817
ਦ 0.330357 0.480531 0.020503 0.022073
, 0.344081 0.488839 0.014881 0.012401
ਸ 0.367229 0.480903 0.020172 0.021329
ਰ 0.384094 0.478919 0.017526 0.021329
ਵਾ 0.402943 0.478919 0.025463 0.019841
ਈ 0.429067 0.477927 0.024802 0.026290
ਕ 0.449405 0.476438 0.021164 0.023313
ਲ 0.468585 0.477183 0.021164 0.019345
, 0.482804 0.484003 0.009259 0.009673
ਸਿ 0.510417 0.473834 0.027447 0.027530
ਰ 0.534226 0.474826 0.020172 0.020089
ਦ 0.559028 0.475446 0.020172 0.019841
ਰ 0.577381 0.474702 0.018519 0.021329
ਦ 0.596230 0.473338 0.021164 0.024058
, 0.613261 0.483011 0.012897 0.013145
ਮੋ 0.638062 0.470982 0.022156 0.028770
ਢਿ 0.661045 0.469990 0.025794 0.028274
ਆਂ  0.688657 0.470610 0.036706 0.025546
ਦਾ 0.731812 0.471354 0.033069 0.024058
ਦ 0.763889 0.469618 0.025794 0.020585
ਰ 0.784226 0.469246 0.020172 0.024306
ਦ 0.803406 0.468254 0.025463 0.024802
ਆ 0.843419 0.468998 0.036045 0.019345
ਦਿ 0.876488 0.466146 0.034061 0.027530
ਦਾ 0.917328 0.466766 0.037037 0.019345
ਇ 0.224372 0.510293 0.024802 0.026042
ਲਾ 0.248181 0.512277 0.022817 0.022073
ਜ 0.270668 0.510541 0.020172 0.024058
ਡਾ 0.295966 0.510665 0.023148 0.021329
ਕ 0.317130 0.511285 0.019180 0.024058
ਟ 0.333499 0.509177 0.017526 0.022817
ਰਾਂ 0.356151 0.507564 0.023810 0.022073
ਵੱ 0.382275 0.506076 0.021164 0.027530
ਲੋ  0.405754 0.505084 0.025794 0.028026
ਆ 0.436343 0.506820 0.032077 0.026042
ਯੁ 0.462302 0.509549 0.021164 0.027530
ਰ 0.481151 0.506076 0.016534 0.022073
ਵੈ 0.497024 0.502356 0.019180 0.031002
ਦਿ 0.519180 0.502976 0.026455 0.028274
ਕ 0.543155 0.504464 0.024802 0.022817
ਤੇ 0.570933 0.501612 0.020172 0.027034
ਲ 0.592593 0.502604 0.026455 0.020585
ਮ 0.620205 0.504092 0.022817 0.022073
ਸਾ 0.644015 0.501984 0.026786 0.026290
ਜ 0.666997 0.502356 0.021164 0.027034
,0.684358 0.510665 0.017526 0.014385
ਅ 0.709325 0.501240 0.030423 0.023313
ਕੁ 0.734954 0.502976 0.019511 0.032242
ਪ 0.755126 0.499504 0.022817 0.022817
ਰੈ 0.772652 0.495412 0.019511 0.029514
ਸ਼ 0.791997 0.501240 0.021164 0.024802
ਰ 0.812500 0.498512 0.023810 0.024802
ਥ 0.842427 0.498512 0.022817 0.024802
ਰੈ 0.863922 0.494420 0.020172 0.030506
ਪੀ 0.889716 0.497768 0.031415 0.030258
ਦੇ 0.925595 0.495164 0.031085 0.029018
ਨਾ 0.469577 0.535094 0.026455 0.020585
ਲ 0.495701 0.533358 0.025794 0.018601
ਕੀ 0.525959 0.531250 0.027447 0.025298
ਤਾ 0.553075 0.532986 0.026786 0.021825
ਜਾਂ 0.587467 0.531870 0.029431 0.025546
ਦਾ 0.615906 0.531622 0.029431 0.023562
ਹੈ 0.649636 0.528150 0.022817 0.027530
ਇ 0.441468 0.568204 0.042328 0.030258
ਸ 0.478175 0.569444 0.033069 0.026290
ਤੋਂ 0.526951 0.565104 0.040675 0.031002
ਇ 0.578373 0.568204 0.044312 0.030258
ਲਾ 0.621032 0.570561 0.042989 0.027034
ਵਾ 0.666501 0.566840 0.045966 0.027530
ਬੀ 0.259094 0.602307 0.041336 0.031002
. 0.283565 0.612475 0.012897 0.011657
ਪੀ 0.309689 0.601190 0.039352 0.030258
ਅ 0.357474 0.603919 0.035714 0.024802
ਤੇ 0.393684 0.599826 0.031415 0.031498
ਬ 0.431878 0.604291 0.030423 0.024058
ਲੱ 0.462136 0.601562 0.032077 0.031002
ਡ 0.495701 0.602927 0.035053 0.022817
ਸ਼ੂ 0.534392 0.606647 0.033069 0.031746
ਗ 0.565972 0.603299 0.030093 0.029018
ਰ 0.599041 0.601935 0.036045 0.026290
ਦਾ 0.646329 0.602927 0.051257 0.022817
ਪੱ 0.699570 0.599826 0.034722 0.027530
ਕਾ 0.739253 0.600818 0.045966 0.027034
ਇ 0.801587 0.601562 0.044312 0.029514
ਲਾ 0.847884 0.603919 0.046958 0.024802
ਜ 0.889220 0.603919 0.037698 0.026290
ਆ 0.218419 0.635913 0.045966 0.022817
ਯੂ 0.255952 0.639757 0.029101 0.031498
ਰ 0.282573 0.635665 0.022156 0.024802
ਵੈ 0.306052 0.632564 0.026786 0.031002
ਦਿ 0.338624 0.634549 0.035053 0.032490
ਕ 0.373512 0.636037 0.034722 0.025546
ਦ 0.413029 0.636037 0.031085 0.025546
ਵਾ 0.447421 0.636285 0.037698 0.026042
ਈ 0.485119 0.633929 0.037698 0.029762
ਆਂ 0.530258 0.635665 0.050595 0.023313
ਦੇ 0.587136 0.634177 0.036045 0.031746
ਨਾ 0.635417 0.636657 0.045966 0.026786
ਲ 0.677249 0.638021 0.037698 0.024058
ਕੀ 0.730820 0.636037 0.049603 0.029514
ਤਾ 0.778604 0.638393 0.045966 0.024802
ਜਾਂ 0.838459 0.637649 0.045966 0.030258
ਦਾ 0.887070 0.638765 0.053241 0.027034
ਹੈ 0.945767 0.635665 0.035053 0.030258
ਸ 0.219246 0.711310 0.027778 0.024802
ਮਾਂ 0.246362 0.709325 0.035714 0.026290
: 0.269676 0.714534 0.010913 0.017361
ਸ 0.295470 0.713790 0.025463 0.022817
ਵੇ 0.316138 0.710069 0.019180 0.033234
ਰੇ 0.336806 0.710069 0.022156 0.028770
- 0.355159 0.713790 0.016534 0.007440
9 0.385913 0.713542 0.023148 0.024802
: 0.398810 0.718254 0.006614 0.019345
0 0.414848 0.715154 0.022156 0.029514
0 0.437335 0.717014 0.024802 0.024802
ਤੋਂ  0.475860 0.711434 0.035714 0.030506
1 0.519180 0.718998 0.021164 0.024802
1 0.536210 0.717262 0.012897 0.026786
: 0.544808 0.721478 0.008267 0.021329
0 0.557705 0.720362 0.026786 0.027530
0 0.581184 0.719990 0.027447 0.022817
, 0.601356 0.728919 0.012897 0.014385
ਸ਼ਾ 0.638558 0.720362 0.042989 0.027530
ਮ 0.672123 0.721106 0.031415 0.029018
- 0.695106 0.722346 0.018519 0.009673
4 0.729001 0.723090 0.025463 0.027530
: 0.743717 0.725942 0.011243 0.019345
0 0.757937 0.723462 0.026455 0.022817
0 0.783730 0.724454 0.028439 0.026290
ਤੋਂ 0.830026 0.720982 0.042328 0.030258
6 0.878307 0.728671 0.033730 0.026290
: 0.899967 0.730779 0.010913 0.020585
0 0.915509 0.729291 0.027447 0.027530
0 0.943122 0.727927 0.031085 0.023313