ਪ੍ਰੋ 0.037822 0.272983 0.011657 0.024140
: 0.046007 0.274306 0.006200 0.016865
ਸੋ 0.053943 0.271991 0.010169 0.022156
ਨੂੰ 0.064732 0.273810 0.011409 0.024471
: 0.072545 0.274471 0.004712 0.018519
9 0.080481 0.273479 0.007688 0.017196
8  0.089038 0.273644 0.008433 0.015542
5 0.097470 0.272321 0.009425 0.016204
5 0.106275 0.273313 0.009673 0.019511
1 0.114459 0.274802 0.007192 0.017857
- 0.121404 0.273975 0.008185 0.008929
8 0.130580 0.274306 0.008185 0.015542
2 0.139633 0.274471 0.007937 0.018519
9 0.147941 0.274306 0.007688 0.020172
7 0.156746 0.273975 0.008929 0.018188
1 0.163938 0.275628 0.006448 0.019511
ਪ੍ਰੋ 0.344122 0.274471 0.012153 0.023810
: 0.352555 0.276620 0.005704 0.014220
ਸੋ 0.360119 0.274140 0.008433 0.021164
ਨੂੰ 0.370288 0.275628 0.009425 0.026124
: 0.377232 0.275628 0.005456 0.016204
9 0.384425 0.274471 0.007440 0.018519
8 0.392733 0.274636 0.008681 0.019511
7 0.400422 0.274802 0.009177 0.017857
8 0.408978 0.274636 0.008433 0.019511
1 0.416295 0.275628 0.006696 0.017526
- 0.424231 0.276124 0.009177 0.011905
1 0.431796 0.275132 0.005952 0.017196
2 0.439112 0.274140 0.008681 0.017857
0 0.447049 0.275794 0.008185 0.017857
5 0.454737 0.275959 0.008185 0.016865
8 0.463666 0.276620 0.009673 0.017526
ਸੋ 0.048735 0.319775 0.031994 0.062169
ਨੂੰ 0.083705 0.330192 0.032986 0.079696
ਰੈ 0.131820 0.320271 0.030010 0.062500
ਫ 0.162822 0.326554 0.031002 0.046627
ਰੀ 0.202133 0.321925 0.040675 0.057870
ਜ਼ 0.238219 0.328042 0.031498 0.044974
ਰੇ 0.269717 0.322255 0.028522 0.059854
ਸ਼ 0.299975 0.329365 0.030506 0.045635
ਨ 0.330853 0.328208 0.029762 0.043320
ਸੈਂ 0.384673 0.319775 0.042659 0.058862
ਟ 0.419395 0.328373 0.029266 0.041667
ਰ 0.450645 0.328538 0.030754 0.042659
ਇੱ 0.043155 0.449074 0.024802 0.030423
ਥੇ 0.062500 0.449074 0.013393 0.031746
ਹ 0.083829 0.452877 0.015377 0.022817
ਰ  0.098958 0.452216 0.015377 0.022817
ਤ 0.120040 0.452050 0.016369 0.024471
ਰ੍ਹਾਂ 0.139261 0.453208 0.022073 0.032077
ਦੇ 0.164559 0.449074 0.016617 0.031746
ਫ 0.186012 0.451554 0.015377 0.023479
ਰਿੱ 0.205481 0.448247 0.019593 0.027447
ਜ਼ 0.221726 0.452050 0.015377 0.023148
, 0.233755 0.460813 0.009177 0.010251
A. 0.258185 0.450231 0.024802 0.028108
C. 0.283110 0.449735 0.025050 0.027116
, 0.299975 0.460152 0.008681 0.012235
ਵਾ  0.314360 0.450893 0.021081 0.022156
ਸਿੰ 0.336186 0.447421 0.020089 0.029101
ਗ  0.352927 0.451058 0.015873 0.023148
ਮ 0.374628 0.450231 0.014633 0.022817
ਸ਼ੀ 0.392237 0.446925 0.019097 0.028108
ਨ 0.408358 0.449901 0.013641 0.022156
ਅ 0.431424 0.449405 0.019097 0.021164
ਤੇ 0.447173 0.446594 0.014385 0.027447
ਕੂ 0.026166 0.494709 0.017113 0.030423
ਲ 0.042287 0.490410 0.016617 0.023810
ਰ 0.058284 0.489749 0.016369 0.025132
ਆ 0.085317 0.490079 0.025794 0.024471
ਦਿ 0.110491 0.486607 0.021577 0.031415
ਦੀ 0.140005 0.486772 0.022569 0.033069
ਤ 0.165055 0.489253 0.014137 0.022817
ਸੱ 0.180680 0.485946 0.015625 0.029431
ਲੀ 0.197917 0.486276 0.020833 0.028770
ਬ 0.222594 0.488426 0.014633 0.023148
ਖ 0.236607 0.488261 0.013393 0.025463
ਸ਼ 0.251612 0.487434 0.017609 0.023810
ਰਿ 0.276786 0.485119 0.019841 0.029762
ਪੇ 0.293279 0.485119 0.014633 0.031746
ਅ 0.309524 0.487599 0.018849 0.024802
ਰ 0.326761 0.487269 0.014633 0.022156
ਕੀ 0.351066 0.484292 0.021081 0.030093
ਤੀ 0.371776 0.483962 0.021329 0.028770
ਜਾਂ 0.398189 0.484458 0.021081 0.027116
ਦੀ 0.419147 0.482970 0.021329 0.026786
ਹੈ 0.442832 0.481978 0.017113 0.032077
। 0.456349 0.486111 0.007937 0.024471
ਖੋ 0.009053 0.529762 0.013145 0.027116
ਸਾ 0.024926 0.531746 0.019593 0.019841
ਮਾ 0.049355 0.532573 0.019345 0.019511
ਰ 0.065228 0.531746 0.011409 0.022487
ਕੀ 0.080109 0.529101 0.017361 0.026455
ਟ 0.095238 0.531250 0.012897 0.022156
, 0.104415 0.540344 0.006944 0.012566
ਸਾ 0.117063 0.531415 0.018353 0.020503
ਹ 0.132068 0.529431 0.011161 0.021164
ਮ 0.143849 0.530754 0.011905 0.021164
ਣੇ 0.156746 0.527282 0.013889 0.025463
ਸੋ 0.174975 0.527447 0.014633 0.026455
ਥਾ 0.191096 0.529597 0.017609 0.020172
ਰੋ 0.211434 0.526290 0.011657 0.026786
ਡ 0.223958 0.529597 0.013393 0.022156
, 0.233631 0.537864 0.006448 0.010913
ਪਿੰ 0.245908 0.526124 0.019097 0.027116
ਡ 0.260913 0.529266 0.013393 0.021495
ਰੁ 0.279142 0.530423 0.012153 0.023810
ਪਾ 0.293527 0.528770 0.017609 0.022487
ਣਾ 0.311260 0.528274 0.017857 0.020833
( 0.323785 0.529101 0.008185 0.026455
ਸ਼੍ਰੀ 0.336558 0.526620 0.017361 0.029431
ਮੁ 0.357267 0.529927 0.012649 0.024802
ਕ 0.369172 0.526951 0.012649 0.023479
ਤ 0.381324 0.526951 0.011161 0.018849
ਸ 0.392733 0.525298 0.011657 0.020172
ਰ 0.404886 0.525959 0.012649 0.019511
ਸਾ 0.423735 0.525959 0.017113 0.019511
ਹਿ 0.440972 0.522817 0.015377 0.025794
ਬ 0.454117 0.525132 0.012401 0.021164
) 0.464286 0.525463 0.007937 0.025132
ਧੰ 0.493304 0.300761 0.016369 0.030754
ਨ 0.508805 0.303241 0.014633 0.021825
ਧੰ 0.527902 0.300595 0.014633 0.029101
ਨ 0.541047 0.302414 0.014137 0.024140
ਬਾ 0.562252 0.303571 0.018353 0.023148
ਬਾ 0.580481 0.302414 0.019097 0.024140
ਫ 0.603175 0.301918 0.013889 0.023148
ਰੀ 0.619420 0.300265 0.014633 0.029762
ਦ 0.633805 0.301422 0.014137 0.023479
ਜੀ 0.656002 0.299934 0.021329 0.027116
7 0.713914 0.295470 0.016617 0.025463
8 0.729911 0.294974 0.013889 0.024471
6 0.743552 0.293320 0.014385 0.027778
ਸ਼ਾ 0.793899 0.300761 0.017857 0.020172
ਰੂ 0.808656 0.303571 0.012649 0.026455
ਥੰ 0.825521 0.298115 0.013145 0.027447
ਨਾਂ 0.840774 0.298611 0.017361 0.023148
ਮੋ 0.860739 0.298115 0.014137 0.028770
: 0.870660 0.300761 0.006696 0.015542
9 0.879340 0.299272 0.011657 0.021164
8 0.890873 0.299438 0.011409 0.021495
8 0.902778 0.299934 0.012401 0.020503
8 0.913690 0.298115 0.011409 0.020172
3 0.924727 0.299107 0.010665 0.020172
- 0.935516 0.298942 0.012401 0.009921
0 0.947793 0.298611 0.012649 0.019841
1 0.957093 0.298611 0.009425 0.021164
7 0.965526 0.296462 0.011905 0.022156
0 0.977803 0.297784 0.010169 0.021495
9 0.988591 0.297454 0.012897 0.020172
ਬਾ 0.526042 0.343419 0.047619 0.049934
ਬਾ 0.575149 0.342593 0.047123 0.048280
ਫ  0.633061 0.343089 0.035466 0.050595
ਰੀ 0.673487 0.339120 0.042907 0.058532
ਦ 0.712922 0.340278 0.037450 0.051587
ਮੋ 0.764137 0.331349 0.034226 0.066138
ਟ 0.796131 0.340443 0.033730 0.047288
ਰ 0.828869 0.338955 0.033730 0.047619
ਵ 0.875744 0.339616 0.034722 0.045635
ਰ 0.906870 0.338459 0.032490 0.047950
ਕ 0.938244 0.337467 0.036210 0.048611
ਸ 0.972594 0.336640 0.036954 0.046296
ਇੱ 0.620164 0.423280 0.010665 0.019841
ਥੇ 0.628968 0.422619 0.008433 0.020503
ਪੈ 0.637649 0.423115 0.008929 0.021495
ਟ 0.644593 0.425761 0.007440 0.016204
ਰੋ 0.650918 0.422950 0.006200 0.020503
ਲ 0.657366 0.424603 0.007688 0.015212
ਅ 0.667411 0.425430 0.008929 0.016865
ਤੇ 0.675223 0.423611 0.007688 0.018519
ਡੀ 0.685888 0.423611 0.009177 0.020503
ਜ਼ 0.693204 0.424603 0.006944 0.015212
ਲ 0.699777 0.423776 0.007688 0.016865
ਗੱ 0.710193 0.421958 0.007688 0.017196
ਡੀ 0.717758 0.422619 0.009921 0.020503
ਆਂ 0.727307 0.422784 0.011657 0.018188
ਦੀ 0.740575 0.421462 0.010417 0.019511
ਰਿ 0.752232 0.421792 0.008929 0.018849
ਪੇ 0.759673 0.421462 0.007440 0.018188
ਅ 0.766741 0.423115 0.008681 0.016204
ਰ 0.773438 0.421958 0.007192 0.016534
ਦਾ 0.783854 0.421627 0.010169 0.015873
ਕੰ 0.795015 0.420304 0.008185 0.020503
ਮ 0.801463 0.422619 0.008185 0.015212
ਤ 0.810144 0.421958 0.008185 0.015212
ਸੱ 0.817088 0.420139 0.007688 0.018849
ਲੀ 0.825149 0.420139 0.010417 0.020172
ਬ 0.834325 0.421131 0.008433 0.013558
ਖ਼ 0.841394 0.420470 0.006696 0.016204
ਸ਼ 0.847470 0.419808 0.007440 0.019511
ਕੀ 0.857887 0.419147 0.010913 0.019511
ਤਾ 0.866939 0.420635 0.009673 0.014550
ਜਾਂ 0.878224 0.420635 0.010913 0.017857
ਦਾ 0.887401 0.419312 0.008929 0.017196
ਹੈ 0.898065 0.417824 0.009425 0.018849
। 0.903770 0.419974 0.005456 0.014550
ਨੋ 0.497892 0.459491 0.012153 0.028108
ਟ 0.509673 0.460483 0.012897 0.021495
: 0.519841 0.462302 0.006448 0.015873
ਇੱ 0.537326 0.456845 0.017113 0.028770
ਥੇ 0.551215 0.458499 0.012649 0.028770
ਨ 0.568700 0.461971 0.013393 0.021164
ਵੀ 0.581845 0.457837 0.015873 0.026124
ਆਂ 0.598834 0.458499 0.020585 0.023479
ਅ 0.620536 0.460483 0.016369 0.020833
ਤੇ 0.634549 0.457341 0.012649 0.023810
ਪੁ 0.651290 0.461310 0.012401 0.023148
ਰਾ 0.664311 0.458995 0.015129 0.021164
ਣੀ 0.680556 0.457011 0.015873 0.026455
ਆਂ 0.698041 0.457176 0.020089 0.021495
ਗੱ 0.718998 0.456680 0.013889 0.025794
ਡੀ 0.734127 0.455853 0.015377 0.026786
ਆਂ 0.750496 0.456019 0.018353 0.020503
ਦੇ 0.771453 0.455026 0.014633 0.028439
ਸੌ 0.788070 0.454200 0.012153 0.027447
ਦੇ 0.799479 0.454200 0.013145 0.026786
ਕ 0.816592 0.455853 0.013145 0.020172
ਮਿ 0.829737 0.453704 0.017609 0.028439
ਸ਼ 0.843502 0.454696 0.011409 0.021164
ਨ 0.853547 0.453704 0.012153 0.021164
ਬੇ 0.870040 0.451554 0.013393 0.028770
ਸ 0.881200 0.452877 0.012897 0.021495
ਤੇ 0.897693 0.452712 0.013641 0.026455
ਕ 0.915427 0.453373 0.013889 0.020503
ਰ 0.926711 0.451554 0.009673 0.020172
ਵਾ 0.938120 0.452050 0.013641 0.024471
ਏ  0.951513 0.448578 0.013145 0.024802
ਜਾਂ 0.970114 0.449901 0.016617 0.024140
ਦੇ 0.983507 0.448743 0.012649 0.027778