ਸਾ 0.231647 0.328208 0.130952 0.108796
ਡੀ 0.372148 0.318783 0.140625 0.140212
ਰ 0.534102 0.327546 0.088542 0.097553
ਸੋ 0.629092 0.305390 0.094494 0.147817
ਈ  0.746528 0.307705 0.135913 0.155754
ਸ 0.057540 0.797454 0.037698 0.080357
ਰ 0.087550 0.795966 0.024802 0.083333
ਕਾ 0.123636 0.793485 0.047371 0.088294
ਰੀ 0.170263 0.788029 0.041419 0.095899
ਸੀ 0.225818 0.786376 0.048363 0.099206
ਨੀ 0.268849 0.787202 0.040179 0.100860
ਅ 0.308408 0.796627 0.036458 0.078704
ਰ 0.342634 0.791832 0.031994 0.084987
ਸੈ 0.387649 0.787368 0.034226 0.107143
ਕੰ 0.419395 0.784888 0.034226 0.102183
ਡ 0.450149 0.795800 0.031746 0.077050
ਰੀ 0.489707 0.785549 0.044891 0.097553
( 0.536458 0.799934 0.024802 0.107143
ਕੰ 0.560516 0.784061 0.040179 0.107143
ਨਿ 0.600818 0.786541 0.044891 0.105489
ਆ 0.647321 0.792824 0.053075 0.096230
) 0.683904 0.795139 0.029514 0.110119
ਸ 0.725322 0.794974 0.038938 0.078704
ਕੂ 0.758433 0.806878 0.036706 0.115079
ਲ 0.790923 0.793651 0.040179 0.078704
, 0.820933 0.829696 0.024802 0.041005
ਰੁ 0.857639 0.807705 0.043651 0.097553
ਪਾ 0.894841 0.793485 0.049603 0.084987
ਣਾ 0.940228 0.789683 0.046131 0.095899 