ਰਾ 0.122350 0.169877 0.075664 0.188642
ਸ਼ 0.188892 0.175309 0.057419 0.181728
ਟ 0.248323 0.167160 0.059297 0.183210
ਰੀ 0.316340 0.148889 0.070834 0.241481
ਪੋ 0.412128 0.137284 0.057419 0.246914
ਸ਼ 0.468205 0.172593 0.058492 0.176296
ਣ 0.529917 0.168148 0.067078 0.178272
ਅ 0.621411 0.177037 0.075664 0.160494
ਭਿ 0.693319 0.147901 0.071908 0.229630
ਆ 0.773947 0.168889 0.090958 0.172840
ਨ 0.851489 0.170864 0.064127 0.179753
ਕੁ 0.163939 0.485679 0.061175 0.248395
ਪੋ 0.226724 0.422222 0.058492 0.262716
ਸ਼ 0.285216 0.455556 0.058492 0.192099
ਣ 0.348001 0.453086 0.070834 0.200988
ਮੁ 0.436544 0.473333 0.062248 0.252346
ਕ 0.499866 0.440741 0.062248 0.218765
ਤ 0.562114 0.443210 0.064395 0.199012
ਪੰ 0.650255 0.417778 0.070030 0.246914
ਜਾ 0.719211 0.449630 0.083445 0.200988
ਬ 0.795814 0.447654 0.071908 0.207901
ਵੱ 0.016501 0.734074 0.032466 0.086420
ਲੋਂ 0.055675 0.735309 0.045881 0.080988
:- 0.105447 0.747407 0.053662 0.052840
ਜ਼ਿ 0.169305 0.734321 0.045076 0.089877
ਲ੍ਹਾ 0.219077 0.752840 0.054467 0.091358
ਪ੍ਰੋ 0.273679 0.737778 0.035417 0.107654
ਗ 0.307754 0.737778 0.036490 0.069136
ਰਾ 0.345586 0.737778 0.041320 0.076049
ਮ 0.386236 0.742222 0.038369 0.084938
ਅ 0.438020 0.736049 0.042125 0.079506
ਫ਼ 0.475852 0.732593 0.031393 0.079506
ਸ 0.507379 0.737037 0.031661 0.070617
ਰ 0.540515 0.731605 0.032466 0.070617
,0.561175 0.764444 0.020123 0.040494
ਸ਼੍ਰੀ 0.612423 0.733580 0.055541 0.102222
ਮੁ 0.667964 0.736790 0.038369 0.080988
ਕ 0.702978 0.729877 0.035417 0.080988
ਤ 0.735981 0.728889 0.030588 0.072099
ਸ 0.768178 0.729877 0.031661 0.078025
ਰ 0.798766 0.729136 0.035417 0.068642
ਸਾ 0.850550 0.731605 0.050979 0.066667
ਹਿ 0.895090 0.721235 0.046150 0.095309
ਬ 0.935337 0.729877 0.042393 0.070123