ਜਿ 0.045635 0.591104 0.040179 0.080357
ਸ 0.081721 0.599702 0.031994 0.072421
ਨੂੰ 0.114087 0.599868 0.028274 0.119709
ਹਾ 0.149058 0.593585 0.036706 0.066138
ਰ 0.179812 0.594246 0.024802 0.083333
ਨ 0.209821 0.591931 0.035218 0.075397
ਦਾ 0.254092 0.587963 0.041419 0.074074
ਡ 0.294271 0.587302 0.027034 0.075397
ਰ 0.321429 0.590443 0.024802 0.069114
ਹੁੰ 0.354539 0.587136 0.031994 0.097553
ਦਾ 0.390501 0.577712 0.042411 0.091270
ਹੈ 0.433036 0.573743 0.033234 0.099206
ਉ 0.472098 0.579365 0.035466 0.110450
ਸ 0.506200 0.586475 0.037698 0.077050
ਦੀ 0.552207 0.571429 0.044891 0.091270
ਹਾ 0.600694 0.577050 0.047123 0.074074
ਰ 0.640873 0.575397 0.037698 0.077381
ਯ 0.685764 0.573743 0.047123 0.074074
ਕੀ 0.733631 0.562831 0.048611 0.099206
ਨੀ 0.785094 0.562996 0.054315 0.092923
ਹੁੰ 0.836434 0.569114 0.041419 0.108466
ਦੀ 0.878844 0.560516 0.050843 0.091270
ਹੈ 0.929688 0.556548 0.050843 0.108466
। 0.972842 0.569940 0.026042 0.088294