ਪ 0.286806 0.194175 0.065278 0.080906
ਹੁੰ 0.356250 0.189320 0.062500 0.116505
ਚ 0.422917 0.194175 0.070833 0.093851
ਮਾ 0.508333 0.189320 0.077778 0.080906
ਰ 0.579167 0.196602 0.052778 0.076052
ਗ 0.646528 0.199029 0.076389 0.077670
ਰਾ 0.187500 0.361650 0.138889 0.150485
ਮ 0.315278 0.364078 0.108333 0.158576
ਗ 0.437500 0.360841 0.133333 0.168285
ੜ੍ਹ 0.569444 0.396440 0.116667 0.226537
ਭੁੱ 0.272917 0.598706 0.109722 0.258900
ਲ 0.375000 0.609223 0.100000 0.199029
ਰ 0.479167 0.606796 0.102778 0.171521
ਪੰ 0.220139 0.861650 0.068056 0.134304
ਜਾ 0.288889 0.881877 0.069444 0.103560
ਬ 0.359722 0.877023 0.069444 0.093851
ਮੰ 0.443750 0.855987 0.068056 0.145631
ਡੀ 0.525000 0.862460 0.086111 0.135922
ਬੋ 0.609722 0.839806 0.061111 0.161812
ਰ 0.668056 0.868123 0.052778 0.101942
ਡ 0.726389 0.869741 0.058333 0.105178