ਜ 0.097426 0.202614 0.058824 0.108660
ਉ 0.159773 0.194853 0.056679 0.163399
ਤ 0.242188 0.201797 0.060355 0.122549
ਉ 0.300551 0.204044 0.052083 0.148284
ਪ੍ਰੇ 0.369792 0.213848 0.052083 0.146650
ਮ 0.419118 0.212418 0.053309 0.116830
ਖੇ 0.487898 0.205678 0.049939 0.130310
ਲ 0.536152 0.222222 0.053309 0.124183
ਣ 0.591605 0.218546 0.055760 0.113562
ਕਾ 0.677849 0.225490 0.080576 0.111928
ਚਾ 0.772059 0.228350 0.073529 0.117647
ਉ 0.837316 0.223856 0.058824 0.151144
॥ 0.904259 0.231413 0.049939 0.105801
ਸਿ 0.094669 0.360703 0.078431 0.143791
ਰੁ 0.165441 0.376634 0.061275 0.124183
ਧ 0.239890 0.375817 0.050858 0.110294
ਰਿ 0.305147 0.366013 0.079657 0.145425
ਤ 0.386795 0.380310 0.052390 0.113562
ਲੀ 0.453278 0.370507 0.080576 0.160131
ਗ 0.543964 0.384804 0.060355 0.122549
ਲੀ 0.614277 0.374387 0.078431 0.137663
ਮੇ 0.691483 0.381740 0.050858 0.137663
ਰੀ 0.747089 0.382557 0.062194 0.139297
ਆ 0.839461 0.392565 0.083946 0.119281
ਉ 0.908241 0.393995 0.057904 0.164624
॥ 0.962776 0.399306 0.041973 0.114788