ਸਾ 0.175471 0.460454 0.094494 0.328896
ਹਿ 0.261657 0.407596 0.085813 0.439311
ਬ 0.332837 0.445576 0.063988 0.358653
ਮੈ 0.417659 0.380579 0.063988 0.476116
ਡੀ 0.492684 0.397416 0.086062 0.454973
ਕ 0.562996 0.427173 0.058036 0.376664
ਲ 0.622644 0.428739 0.070685 0.337510
ਸ 0.720362 0.436570 0.067708 0.340642
ਟੋ 0.773810 0.371574 0.052579 0.458105
ਰ 0.827133 0.425607 0.060020 0.337510
ਮੋ 0.783730 0.127643 0.022817 0.120595
: 0.797619 0.142522 0.008433 0.078309
9 0.808532 0.131950 0.015377 0.093187
9 0.821429 0.130384 0.014385 0.096319
1 0.835813 0.133516 0.012401 0.102584
4 0.844370 0.130775 0.018105 0.090838
4 0.858631 0.138215 0.016369 0.111981
- 0.872520 0.130384 0.013393 0.054033
5 0.885789 0.130384 0.017113 0.102584
6 0.901042 0.126077 0.013393 0.093970
1 0.911706 0.120204 0.013393 0.105717
3 0.922619 0.120204 0.014385 0.105717
9 0.936384 0.124902 0.017113 0.096319
ਇੱ 0.202133 0.735709 0.052579 0.174628
ਥੇ 0.243676 0.730227 0.034474 0.180893
ਹ 0.284598 0.736100 0.032490 0.126860
ਰ 0.316592 0.736100 0.031498 0.133125
ਪ੍ਰ 0.358631 0.748238 0.037202 0.168363
ਕਾ 0.397693 0.725529 0.040923 0.154268
ਰ 0.435268 0.730227 0.036210 0.144871
ਅੰ 0.481151 0.719655 0.047619 0.166014
ਗ 0.517981 0.725529 0.030010 0.129209
ਰੇ 0.546255 0.708692 0.030506 0.156617
ਜ਼ੀ 0.584449 0.709084 0.047867 0.168363
ਅ 0.637773 0.719264 0.045883 0.135474
ਤੇ 0.676091 0.701644 0.036210 0.159749
ਦੇ 0.718874 0.700078 0.039931 0.162882
ਸ਼ੀ 0.760913 0.710258 0.051587 0.166014
ਦ 0.269841 0.928739 0.037202 0.120595
ਵਾ 0.305680 0.925998 0.039931 0.138606
ਈ 0.348958 0.903289 0.039187 0.171496
ਆਂ 0.399678 0.906030 0.054315 0.153485
ਮਿ 0.454365 0.897024 0.047619 0.165231
ਲ 0.493180 0.907987 0.035466 0.132341
ਦੀ 0.530010 0.895850 0.040179 0.150352
ਆਂ 0.580109 0.894283 0.058036 0.129992
ਹ 0.629836 0.900548 0.031498 0.117463
ਨ 0.663690 0.904855 0.036210 0.138606
। 0.693700 0.898590 0.021825 0.144871