ਵਿ 0.209201 0.243056 0.072173 0.140212
ਧਾ 0.271825 0.255787 0.064980 0.108796
ਨ 0.340898 0.260417 0.061260 0.121362
ਸ 0.395213 0.264385 0.047371 0.113426
ਭਾ 0.454861 0.270007 0.067460 0.102183
ਚੋ 0.516865 0.260417 0.049603 0.143188
ਣ 0.567088 0.281746 0.050843 0.107143
ਹ 0.620288 0.286376 0.046131 0.103836
ਲ 0.668651 0.288029 0.055556 0.100529
ਕਾ 0.728795 0.297619 0.060268 0.107143
- 0.777282 0.308532 0.024802 0.034392
ਅ 0.825149 0.306217 0.070933 0.099206
. 0.870040 0.349537 0.025794 0.028439
 ਜ 0.910218 0.313327 0.059028 0.110119
0 0.394097 0.415509 0.047123 0.097553
8 0.443080 0.421958 0.041419 0.103836
5 0.484375 0.420304 0.041171 0.091270
- 0.525670 0.428241 0.029514 0.037698
ਮ 0.564112 0.429894 0.054315 0.107143
ਲੋ 0.614955 0.414187 0.056796 0.125992
ਟ 0.666915 0.428241 0.052083 0.100529
ਜ 0.183284 0.565146 0.067460 0.116402
ਸ 0.245288 0.562831 0.061508 0.121032
ਪ੍ਰੀ 0.326141 0.575562 0.086310 0.184193
ਤ 0.396453 0.571429 0.051835 0.116402
 ਸਿੰ 0.468502 0.560351 0.077877 0.151124
ਘ 0.543527 0.582507 0.079117 0.125992
. 0.594246 0.622685 0.027282 0.039683
9 0.264137 0.737599 0.028274 0.105489
4 0.299603 0.743221 0.028274 0.100860
6 0.332713 0.743221 0.023562 0.100860
3 0.356275 0.737599 0.026042 0.105489
9 0.388145 0.734458 0.023810 0.089947
8 0.420015 0.736772 0.023562 0.103836
3 0.446553 0.735284 0.029514 0.106812
0 0.476190 0.735284 0.022321 0.094246
0 0.502108 0.743882 0.022569 0.096230
0 0.528150 0.739253 0.020089 0.089616
ਬੂ 0.600694 0.773148 0.059028 0.169974
ਥ 0.655010 0.743882 0.059028 0.118056
ਨੰ 0.722966 0.732143 0.067460 0.141534
. 0.767857 0.790509 0.029762 0.047288
5 0.810392 0.751819 0.050843 0.105489
8 0.865203 0.756614 0.054315 0.111772