ਕੇ 0.189732 0.319444 0.106151 0.210979
ਵ 0.271205 0.341601 0.075645 0.148148
ਲ 0.342138 0.328208 0.075645 0.149802
ਭ 0.428323 0.324239 0.061508 0.135251
ਲਾ 0.507937 0.315476 0.093254 0.152778
ਸੋ 0.598958 0.275463 0.062500 0.189153
ਚੋ 0.665799 0.276290 0.063740 0.187500
ਹੀ 0.763765 0.270668 0.082589 0.179563
ਨਾ 0.852927 0.274636 0.074405 0.130622
, 0.901290 0.332837 0.027282 0.067791
ਭ 0.380580 0.545470 0.060268 0.118056
ਲਾ 0.457341 0.529762 0.093254 0.124339
ਕ 0.545263 0.524306 0.056796 0.116733
ਰੋ 0.601314 0.492890 0.055308 0.151124
ਵੀ 0.685764 0.483300 0.077877 0.157738
। 0.744792 0.491237 0.018849 0.116733