ਗਿ 0.122058 0.358962 0.089659 0.163690
ਆ 0.198889 0.364418 0.076699 0.124339
ਨ 0.260513 0.358962 0.056599 0.129299
ਇੱ 0.334832 0.326720 0.079344 0.190476
ਕ 0.393414 0.354993 0.060566 0.130622
ਅ 0.462708 0.350364 0.070616 0.133929
ਜਿ 0.529490 0.328208 0.083047 0.178241
ਹਾ 0.603147 0.340774 0.071674 0.149802
ਭੰ 0.679979 0.314815 0.061888 0.185847
ਡਾ 0.746760 0.334491 0.071674 0.146495
ਰ 0.814203 0.325893 0.057921 0.147817
ਹੈ 0.887067 0.284888 0.075641 0.213955
ਜੋ  0.134620 0.603009 0.069294 0.163690
ਵੰ 0.204443 0.603009 0.052896 0.157738
ਡ 0.246099 0.620370 0.045226 0.116402
ਣ 0.293309 0.619544 0.059244 0.137235
ਨਾ 0.363925 0.621197 0.076699 0.121362
ਲ 0.424888 0.617229 0.057921 0.129299
ਵੱ 0.496165 0.600694 0.056599 0.187500
ਧ 0.544036 0.622685 0.046549 0.130952
ਦਾ 0.600635 0.613261 0.071939 0.127315
ਜਾਂ 0.696377 0.603009 0.079344 0.160384
ਦਾ 0.779423 0.617063 0.079344 0.132275
ਹੈ 0.863925 0.589616 0.071674 0.206349
। 0.936260 0.625000 0.032796 0.144841 