ਗੰ 0.250846 0.459690 0.035058 0.085362
ਦ 0.278167 0.466646 0.024903 0.056908
ਗੀ 0.311170 0.458109 0.036267 0.075877
ਨਾ 0.360493 0.466013 0.041103 0.064496
ਫੈ  0.403167 0.457477 0.028288 0.079039
ਲਾ 0.433269 0.469175 0.033849 0.061966
ਓ 0.464338 0.458584 0.028288 0.076826
, 0.486944 0.496048 0.018375 0.031616
ਭਾ 0.516320 0.468226 0.036992 0.060070
ਰ 0.546180 0.470123 0.024178 0.060070
ਤ 0.568665 0.468543 0.029014 0.056908
ਨੂੰ  0.604691 0.477079 0.036267 0.099273
ਸੁੰ 0.636847 0.470281 0.032882 0.089472
ਦ 0.661025 0.471230 0.028046 0.055960
ਰ  0.682060 0.471704 0.026596 0.056908
ਬ 0.714217 0.473917 0.032882 0.061334
ਣਾ 0.740812 0.473917 0.029981 0.056908
ਓ 0.767892 0.464433 0.029014 0.065128
। 0.794004 0.473917 0.025145 0.055011