ਪ 0.560537 0.180680 0.113636 0.069692
ੜ 0.654959 0.184524 0.080165 0.077381
ਨਾਂ 0.758264 0.182168 0.110744 0.069692
ਵ 0.843388 0.190724 0.080165 0.062004
ਪੁ 0.425207 0.289931 0.100826 0.074405
ਰ 0.503926 0.284598 0.067355 0.069692
ਖ 0.572314 0.286086 0.075207 0.069692
ਵਾ 0.640702 0.284598 0.077273 0.066716
ਚ 0.700207 0.286830 0.051653 0.065228
ਕ 0.749380 0.285342 0.051653 0.068204
ਪ 0.804752 0.289187 0.054132 0.063492
ੜ 0.857645 0.289187 0.046694 0.066468
ਨਾਂ 0.908884 0.283854 0.055785 0.069692
ਵ 0.957438 0.290923 0.051240 0.057044
ਨਿੱ 0.479132 0.379588 0.130165 0.082093
ਜ 0.572934 0.391617 0.076446 0.060020
ਵਾ 0.649174 0.390129 0.076033 0.057044
ਚ 0.709504 0.390625 0.051240 0.052579
ਕ 0.761157 0.390625 0.049587 0.056052
ਪ 0.811157 0.387277 0.044628 0.055308
ੜ 0.855785 0.388765 0.044628 0.058284
ਨਾਂ 0.909917 0.382068 0.060331 0.067708
ਵ 0.959917 0.388765 0.042975 0.054315
ਨਿ 0.445661 0.483135 0.107851 0.079365
ਸ਼ 0.521901 0.491815 0.063636 0.062004
ਚੇ 0.575207 0.478919 0.065289 0.076389
ਵਾ 0.641942 0.487971 0.071488 0.056300
ਚ 0.697727 0.484995 0.052479 0.054315
ਕ 0.749174 0.486483 0.057025 0.057292
ਪ 0.795248 0.484499 0.050826 0.055308
ੜ 0.840496 0.485491 0.042975 0.057292
ਨਾਂ 0.891529 0.477431 0.059091 0.065972
ਵ  0.940702 0.483135 0.049174 0.052579
ਅ 0.433058 0.592386 0.079339 0.055308
ਨਿ 0.502066 0.580853 0.080992 0.072421
ਸ਼ 0.556818 0.590030 0.054132 0.060020
ਚੇ 0.605372 0.573413 0.049587 0.074405
ਵਾ 0.658678 0.582341 0.066942 0.054563
ਚ 0.713430 0.579985 0.045868 0.053323
ਕ 0.760537 0.578621 0.050826 0.050595
ਪ 0.809711 0.576637 0.050826 0.050595
ੜ 0.853306 0.575769 0.042975 0.056300
ਨਾਂ 0.901033 0.562748 0.064876 0.061012
ਵ 0.954959 0.569444 0.046281 0.049603
 ਸ 0.448760 0.696305 0.082645 0.059276
ਬੰ 0.517975 0.678199 0.064876 0.082093
ਧ 0.577686 0.684400 0.063636 0.056300
ਵਾ 0.647521 0.679191 0.066942 0.053323
ਚ 0.707025 0.674355 0.058678 0.051587
ਕ 0.762810 0.671007 0.058678 0.054315
ਪ 0.812810 0.670635 0.047934 0.049603
ੜ 0.857438 0.668155 0.044628 0.052579
ਨਾਂ 0.904132 0.656250 0.061983 0.064980
ਵ 0.956612 0.658730 0.042975 0.050595
ਪ੍ਰ 0.455372 0.796503 0.082645 0.064732
ਸ਼ 0.521074 0.785962 0.061983 0.062996
ਨ 0.576860 0.778398 0.055372 0.055308
ਵਾ 0.638636 0.773065 0.074793 0.048611
ਚ 0.700620 0.767361 0.049174 0.048611
ਕ 0.757025 0.764509 0.063636 0.054315
ਪ 0.810537 0.760293 0.055785 0.051339
ੜ 0.859091 0.758309 0.041322 0.055308
ਨਾਂ 0.904132 0.744916 0.058678 0.068700
ਵ 0.952686 0.748884 0.038430 0.057292