ਨਾਂ 0.263909 0.209325 0.184325 0.124008
ਵ 0.421142 0.217138 0.111756 0.090030
ਆ 0.123367 0.341146 0.175133 0.065228
ਮ 0.265360 0.345734 0.114659 0.074405
ਨਾਂ 0.415094 0.340402 0.136430 0.082093
ਵ  0.542090 0.348834 0.100145 0.071181
ਖਾ 0.112724 0.449653 0.136430 0.064980
ਸ 0.250363 0.454985 0.114659 0.066716
ਨਾਂ 0.395501 0.449653 0.138849 0.074405
ਵ 0.514756 0.456597 0.099661 0.060516
ਵ 0.058297 0.557292 0.063377 0.060516
ਸ 0.117320 0.555060 0.066280 0.064980
ਤੂ 0.179245 0.567460 0.063377 0.083829
ਵਾ 0.257862 0.556548 0.081277 0.062004
ਚ 0.330431 0.554191 0.057088 0.057292
ਕ 0.392598 0.556548 0.060474 0.062004
ਨਾਂ 0.469521 0.548115 0.081761 0.072917
ਵ 0.543541 0.553571 0.060474 0.062004
ਇ 0.064344 0.653398 0.088050 0.094494
ਕੱ 0.142961 0.653522 0.063377 0.075893
ਠ 0.200290 0.661210 0.075472 0.063492
ਵਾ 0.274552 0.656622 0.084664 0.057292
ਚ 0.345670 0.656498 0.057571 0.060516
ਕ 0.396952 0.655754 0.063377 0.059028
ਨਾਂ 0.477262 0.648810 0.084664 0.069940
ਵ 0.542090 0.656622 0.063377 0.057292
ਭਾ 0.094582 0.765129 0.124335 0.060516
ਵ 0.194485 0.762029 0.075472 0.057292
ਵਾ 0.286405 0.761161 0.096759 0.062004
ਚ 0.371311 0.761161 0.078858 0.059028
ਕ 0.434688 0.759673 0.066280 0.062004
ਨਾਂ 0.514998 0.749504 0.087567 0.072917
ਵ 0.595065 0.756448 0.078374 0.062004