ਇ 0.175468 0.120833 0.153322 0.221667
ਸ 0.310051 0.147500 0.115843 0.148333
ਧ 0.441227 0.145000 0.112436 0.146667
ਰ 0.540886 0.140833 0.083475 0.145000
ਤੀ 0.646508 0.129167 0.127768 0.171667
ਤੇ 0.781942 0.125833 0.091993 0.171667
ਦੋ 0.274276 0.371667 0.119250 0.170000
ਹੀ 0.425894 0.360000 0.149915 0.166667
ਛਾ 0.583475 0.367500 0.120954 0.135000
ਵਾਂ 0.701874 0.347500 0.112436 0.158333
, 0.780239 0.400000 0.034072 0.056667
ਇੱ 0.276831 0.593333 0.137990 0.176667
ਕ 0.397785 0.593333 0.100511 0.123333
ਰੁੱ 0.503407 0.571667 0.090290 0.183333
ਖ 0.601363 0.560000 0.098807 0.113333
ਤੇ 0.720613 0.530833 0.095400 0.135000
ਦੂ 0.244463 0.835833 0.107325 0.161667
ਜੀ 0.356048 0.784167 0.119250 0.155000
ਆਂ 0.487223 0.744167 0.146508 0.145000
ਮਾਂ 0.629472 0.713333 0.100511 0.146667
ਵਾਂ 0.730835 0.704167 0.098807 0.138333
। 0.810051 0.698333 0.028961 0.096667