ਮੌ 0.227554 0.088663 0.157895 0.072674
ਲਿ 0.434985 0.084787 0.226006 0.072674
ਕ 0.648607 0.091085 0.195046 0.056202
ਅ 0.167183 0.173450 0.198142 0.058140
ਧਿ 0.382353 0.167151 0.219814 0.076550
ਕਾ 0.606811 0.173934 0.198142 0.068798
ਰ 0.815789 0.168605 0.201238 0.067829
ਸ 0.116099 0.294089 0.065015 0.037791
ਮਾ 0.174923 0.294089 0.089783 0.045543
ਨ 0.243034 0.293120 0.071207 0.051357
ਤਾ 0.311146 0.292636 0.077399 0.046512
ਦਾ 0.414861 0.292636 0.099071 0.044574
ਅ 0.530960 0.292151 0.102167 0.041667
ਧਿ 0.616099 0.285853 0.092879 0.056202
ਕਾ 0.691950 0.292636 0.102167 0.038760
ਰ 0.775542 0.288760 0.077399 0.046512
ਸੁ 0.125387 0.437016 0.065015 0.054264
ਤੰ 0.181115 0.428295 0.052632 0.056202
ਤ 0.229102 0.436531 0.055728 0.045543
ਰ 0.278638 0.432655 0.061920 0.047481
ਤਾ 0.343653 0.430233 0.086687 0.046512
ਦਾ 0.447368 0.432655 0.102167 0.047481
ਅ 0.566563 0.431202 0.105263 0.048450
ਧਿ 0.662539 0.427326 0.099071 0.060078
ਕਾ 0.760062 0.431202 0.089783 0.052326
ਰ 0.840557 0.430717 0.077399 0.051357
ਸੱ 0.153251 0.579942 0.065015 0.051357
ਭਿ 0.227554 0.579457 0.089783 0.052326
ਆ 0.323529 0.583818 0.114551 0.039729
ਚਾ 0.424149 0.583333 0.086687 0.042636
ਰ 0.495356 0.584787 0.061920 0.041667
ਕ 0.558824 0.582849 0.071207 0.041667
ਤੇ 0.623839 0.581395 0.058824 0.046512
ਵਿ 0.712074 0.580911 0.086687 0.057171
ਦਿ 0.778638 0.582364 0.077399 0.052326
ਅ 0.849845 0.589632 0.083591 0.039729
ਕ 0.921053 0.588178 0.071207 0.044574
ਅ 0.261610 0.634690 0.120743 0.040698
ਧਿ 0.371517 0.629845 0.111455 0.052326
ਕਾ 0.479876 0.634205 0.123839 0.037791
ਰ 0.595975 0.636143 0.095975 0.037791
ਸੰ 0.143963 0.736434 0.071207 0.046512
ਵਿ 0.212074 0.732074 0.071207 0.055233
ਧਾ 0.287926 0.737888 0.086687 0.045543
ਨਿ 0.382353 0.733043 0.102167 0.051357
ਕ 0.476780 0.739341 0.086687 0.046512
ਉ 0.574303 0.738372 0.077399 0.058140
ਪ 0.647059 0.738857 0.068111 0.043605
ਚਾ 0.718266 0.739341 0.092879 0.040698
ਰਾਂ 0.803406 0.738372 0.083591 0.046512
ਦਾ 0.198142 0.787306 0.117647 0.037791
ਅ 0.323529 0.788760 0.102167 0.042636
ਧਿ 0.417957 0.783915 0.105263 0.048450
ਕਾ 0.517028 0.790698 0.099071 0.038760
ਰ 0.595975 0.787306 0.065015 0.037791
ਧਾ 0.160991 0.892442 0.080495 0.038760
ਰ 0.232198 0.891473 0.049536 0.042636
ਮਿ 0.298762 0.885174 0.083591 0.051357
ਕ 0.383901 0.890504 0.092879 0.040698
ਸੁ 0.482972 0.894864 0.068111 0.047481
ਤੰ 0.541796 0.888081 0.055728 0.047481
ਤ 0.592879 0.892926 0.058824 0.039729
ਰ 0.656347 0.893411 0.055728 0.040698
ਤਾ 0.730650 0.894380 0.105263 0.048450
ਦਾ 0.201238 0.942829 0.117647 0.044574
ਅ 0.328173 0.944767 0.092879 0.040698
ਧਿ 0.417957 0.941376 0.080495 0.051357
ਕਾ 0.504644 0.946705 0.092879 0.036822
ਰ 0.586687 0.945736 0.083591 0.044574