 0.100570 0.532903 0.030506 0.101521
ਨ 0.128596 0.515212 0.030506 0.074735
ਦਾ 0.159350 0.520668 0.035962 0.081019
ਨ 0.190600 0.519511 0.026538 0.070106
- 0.206597 0.522156 0.015377 0.017857
ਮ 0.222966 0.523148 0.025794 0.071429
ਹਾਂ 0.252232 0.516204 0.031250 0.093915
ਦਾ 0.283854 0.520503 0.031994 0.074735
ਨ 0.311756 0.521660 0.027282 0.072421
, 0.326637 0.556878 0.010417 0.017196
ਖੂ 0.339410 0.535384 0.028026 0.093915
ਨ 0.364955 0.524306 0.023065 0.071759
ਦਾ 0.389013 0.525794 0.029514 0.074735
ਨ 0.415799 0.525298 0.024058 0.073743
ਕ 0.439484 0.528108 0.024802 0.074735
ਰੋ  0.460565 0.516700 0.025794 0.094907
ਚਾ 0.494544 0.528439 0.032738 0.071429
ਰ 0.521825 0.528604 0.026290 0.075728
ਜ਼ਿੰ 0.557788 0.526455 0.037698 0.099206
ਦ 0.588294 0.532738 0.024802 0.071429
ਗੀ 0.618924 0.526951 0.039931 0.089616
ਆਂ 0.665055 0.525959 0.050347 0.087632
ਬ 0.711682 0.536541 0.031994 0.072421
ਚਾ 0.747396 0.537037 0.039435 0.078042
ਓ 0.784598 0.529101 0.033482 0.100529
। 0.822917 0.539683 0.020833 0.076720
ਵ 0.137773 0.609623 0.016617 0.035384
ਧੇ 0.151662 0.604993 0.012649 0.042659
ਰੇ 0.165055 0.604001 0.015129 0.039352
ਜਾ 0.185268 0.610450 0.019345 0.030423
ਣ 0.201513 0.610119 0.013145 0.033730
ਕਾ 0.216890 0.612103 0.017609 0.031085
ਰੀ 0.235615 0.608796 0.017857 0.040344
ਲ 0.258557 0.612765 0.015129 0.032407
ਈ 0.277158 0.609458 0.020585 0.039021
ਟੋ 0.299231 0.608962 0.012153 0.043981
ਲ 0.313616 0.613095 0.017609 0.033069
ਫ੍ਰੀ 0.339534 0.614914 0.023313 0.048611
ਨੰ 0.365203 0.611442 0.015625 0.042989
ਬ 0.379836 0.617725 0.015625 0.033069
ਰ 0.394841 0.615741 0.017361 0.034392
1 0.411954 0.618386 0.006944 0.030423
0 0.420883 0.617394 0.010417 0.031085
9 0.432664 0.619048 0.011161 0.031746
7 0.442336 0.617725 0.009177 0.034392
ਜਾਂ 0.458085 0.615741 0.019345 0.039683
1 0.473834 0.619874 0.008185 0.031415
0 0.483259 0.619544 0.012153 0.034061
4 0.495784 0.620370 0.015873 0.033730
ਤੇ 0.515749 0.615906 0.016121 0.042659
ਕਾ 0.534226 0.617229 0.018849 0.042659
ਲ 0.551463 0.621693 0.016617 0.032407
ਕ 0.572297 0.623016 0.014633 0.033730
ਰੋ 0.585689 0.615575 0.017113 0.043320
। 0.605531 0.624008 0.010665 0.034392