ਖੁ 0.267361 0.536872 0.043651 0.069114
ਸ਼ 0.307416 0.536872 0.041419 0.059854
ਬੂ 0.347594 0.547784 0.041419 0.072421
ਜਿ 0.411954 0.542328 0.052083 0.067460
ਵੇਂ 0.455109 0.547123 0.039187 0.067791
ਹੈ 0.510541 0.554067 0.038938 0.075728
ਗੁ 0.557168 0.571429 0.044891 0.062831
ਲਾ 0.600446 0.565972 0.046131 0.055225
ਬਾਂ 0.645213 0.569940 0.041419 0.056548
ਵਿੱ 0.703249 0.579365 0.043899 0.066138
ਚ 0.737351 0.583168 0.031746 0.051918
ਇ 0.254340 0.609292 0.060268 0.072421
ਉਂ 0.311632 0.618717 0.054315 0.085317
ਹੈ 0.380208 0.613261 0.040179 0.077050
ਅ 0.439236 0.625000 0.049603 0.056878
ਕ 0.483383 0.632110 0.036706 0.061177
ਲ 0.522445 0.632771 0.041419 0.059854
ਕਿ 0.583209 0.639054 0.051835 0.072421
ਤਾ 0.628720 0.644676 0.046131 0.051918
ਬਾਂ 0.675471 0.643022 0.044891 0.051918
ਵਿੱ 0.732019 0.649306 0.047371 0.067791
ਚ 0.767485 0.653274 0.035466 0.047288