ਗੁੱ 0.279514 0.152174 0.060020 0.243271
ਸਾ 0.330977 0.166925 0.050347 0.141304
ਉ 0.383929 0.166149 0.042163 0.239130
ਹ 0.423983 0.166925 0.032490 0.141304
ਹ 0.464534 0.177277 0.029762 0.141304
ਨੇ 0.496900 0.177019 0.027530 0.228778
ਰੀ 0.533110 0.166149 0.042907 0.167702
ਹੈ 0.575273 0.153209 0.031498 0.189441
ਜੋ 0.618552 0.163043 0.034226 0.177019
ਅ 0.660094 0.186853 0.031498 0.129400
ਕ 0.691096 0.185300 0.028522 0.129400
ਲ 0.718750 0.185041 0.028770 0.121636
ਦਾ 0.326637 0.493530 0.062996 0.141304
ਦੀ 0.395833 0.468944 0.052579 0.183230
ਵਾ 0.447421 0.484731 0.050595 0.143375
ਬੁ 0.493552 0.495600 0.026786 0.169255
ਝਾ 0.529886 0.473602 0.043899 0.133540
ਦਿੰ 0.584201 0.455745 0.043899 0.188923
ਦਾ 0.627604 0.468944 0.042907 0.127329
ਹੈ 0.668155 0.437888 0.026786 0.189441
। 0.692956 0.463768 0.011409 0.113872