ਸ਼ 0.317956 0.155010 0.063823 0.098214
ਬ 0.373843 0.147941 0.050595 0.089534
ਦ  0.426753 0.152034 0.062500 0.086806
ਰ 0.497851 0.163070 0.057209 0.091518
ਚ 0.552579 0.163566 0.052249 0.090526
ਨਾ 0.613757 0.155382 0.070106 0.104911
ਸ਼ 0.397487 0.278522 0.070106 0.064980
ਬ 0.469907 0.274678 0.070106 0.066716
ਦ 0.539848 0.275670 0.072421 0.062748
ਮੂ 0.347222 0.377728 0.076058 0.083829
ਲ 0.424769 0.367808 0.079034 0.063988
ਸ਼ 0.501157 0.365327 0.061177 0.064980
ਬ 0.566634 0.364335 0.062500 0.062996
ਦ 0.626984 0.364831 0.060847 0.063988
ਰ 0.354167 0.445437 0.052249 0.049603
ਚਿ 0.415344 0.436384 0.062169 0.065724
ਤ 0.469246 0.443080 0.048280 0.050347
ਸ਼ 0.526455 0.443080 0.048280 0.050347
ਬ 0.575562 0.439360 0.051918 0.054315
ਦ 0.624008 0.440724 0.049603 0.049603
ਸ 0.344742 0.507068 0.053241 0.042907
ਮਾ 0.405093 0.505084 0.059524 0.044891
ਸੀ 0.467923 0.499876 0.066138 0.059276
ਸ਼ 0.531085 0.506076 0.046958 0.044891
ਬ 0.578042 0.504216 0.046958 0.048611
ਦ 0.623347 0.504092 0.050926 0.046875
ਉ 0.340939 0.573785 0.045635 0.079117
ਤ 0.381448 0.573785 0.040675 0.054315
ਪੰ 0.428075 0.569072 0.041997 0.067708
ਨ 0.469246 0.572297 0.048280 0.053323
ਸ਼ 0.526455 0.576265 0.050926 0.055308
ਬ 0.572421 0.573785 0.048280 0.058284
ਦ 0.622024 0.573785 0.050926 0.056300
ਅ 0.361772 0.646825 0.067460 0.051587
ਗੇ 0.429233 0.638145 0.052249 0.064980
ਤ 0.476356 0.644841 0.044643 0.051587
ਰ 0.518353 0.644345 0.041997 0.050595
ਲੱ 0.574901 0.639137 0.050595 0.062996
ਗੇ 0.626323 0.638641 0.046958 0.063988
ਸ਼ 0.428075 0.721602 0.072421 0.056300
ਬ 0.496693 0.720610 0.062169 0.058284
ਦ 0.560185 0.720238 0.062169 0.061012
ਪਿ 0.374008 0.792659 0.050926 0.061012
ਛੇ 0.418485 0.792659 0.043320 0.061012
ਤ 0.461144 0.797991 0.041997 0.046875
ਰ 0.506283 0.797867 0.045635 0.048611
ਲੱ 0.561508 0.793155 0.044312 0.050595
ਗੇ 0.613095 0.794147 0.053571 0.058036
ਸ਼ 0.431878 0.873388 0.064815 0.054315
ਬ 0.495536 0.870536 0.057209 0.050595
ਦ 0.552083 0.869420 0.058532 0.058284