ਕ 0.244171 0.085366 0.121613 0.108130
ਰਿ 0.374921 0.072154 0.126024 0.134553
ਆ 0.504726 0.086789 0.152489 0.114228
ਨਾ 0.657215 0.085366 0.133585 0.111382
ਸ 0.109641 0.261179 0.118463 0.106098
ਟੇ 0.212665 0.241870 0.092628 0.142276
ਸ਼ 0.309389 0.260569 0.097038 0.104878
ਨ 0.397921 0.258740 0.085066 0.110976
ਰੀ 0.510712 0.241870 0.130435 0.142276
ਸ 0.660996 0.257317 0.086957 0.098374
ਟੋ 0.753308 0.236179 0.082546 0.140650
ਰ 0.830498 0.255691 0.086957 0.098374
ਫੋ 0.074669 0.674797 0.106490 0.154472
ਟੋ 0.178639 0.667683 0.111531 0.156504
ਸ 0.335224 0.680285 0.099559 0.115854
ਟੇ 0.432262 0.657724 0.094518 0.145528
ਟ 0.531191 0.670935 0.094518 0.109350
ਇੱ 0.119408 0.839837 0.056081 0.059350
ਥੇ 0.161626 0.835772 0.038437 0.064228
ਡੈ 0.345936 0.821138 0.039067 0.062602
ਕੋ 0.379962 0.817886 0.034026 0.059350
ਰੇ 0.410208 0.816260 0.026465 0.052846
ਸ਼ 0.439193 0.819919 0.030246 0.043902
ਨ 0.466289 0.817683 0.039067 0.045935
ਵੀ 0.515123 0.808537 0.045999 0.057724
ਕੀ 0.574039 0.803049 0.044108 0.057317
ਤੀ 0.616887 0.800610 0.041588 0.050813
ਜਾਂ 0.667612 0.798577 0.042218 0.050813
ਦੀ 0.710460 0.792276 0.043478 0.058537
ਹੈ 0.751418 0.786179 0.042218 0.057724
। 0.782924 0.791260 0.024575 0.045122