ਰਾ 0.022854 0.393299 0.034091 0.057618
ਜੂ 0.052525 0.401408 0.023232 0.080666
ਮੱ 0.088510 0.379215 0.029040 0.075544
ਕ 0.111869 0.386684 0.025253 0.057192
ੜ 0.137626 0.380068 0.026263 0.061033
7 0.024874 0.483568 0.024495 0.064020
7 0.050631 0.482714 0.021465 0.062313
2 0.073485 0.479300 0.026263 0.065728
- 0.095202 0.478660 0.025253 0.027742
5 0.118561 0.469484 0.027020 0.065728
7 0.144318 0.467776 0.026010 0.069142
1 0.166667 0.467776 0.018687 0.062313
0 0.188005 0.463082 0.022475 0.062313
4 0.210859 0.462228 0.023232 0.064020
ਨਿ 0.271086 0.439821 0.093182 0.203585
ਖਿ 0.364773 0.423602 0.086616 0.203585
ਲ 0.441035 0.435766 0.069949 0.169014
ਸ 0.536869 0.422749 0.063131 0.169441
ਵੀ 0.608081 0.395006 0.081818 0.212121
ਟ 0.679040 0.407170 0.064141 0.144259
ਹਾ 0.778157 0.396500 0.093182 0.156210
ਊ 0.856187 0.411865 0.070960 0.298762
ਸ 0.916035 0.378361 0.054293 0.162612
ਨਿ 0.943182 0.270807 0.025253 0.068715
ਖਿ 0.967929 0.269313 0.026263 0.062313
ਲ 0.987753 0.273367 0.019444 0.067008
ਖੰ 0.955303 0.348058 0.024242 0.065301
ਨਾ 0.979040 0.350619 0.025253 0.054204
ਇੱ 0.255556 0.626974 0.040909 0.108408
ਥੇ  0.288636 0.627828 0.027273 0.106701
ਤਾ 0.328409 0.631242 0.040657 0.087068
ਜਾ 0.368182 0.623773 0.036869 0.088348
ਦੇ 0.411364 0.607341 0.028283 0.104994
ਸੀ 0.443939 0.606701 0.036869 0.093470
ਘਿ 0.495960 0.596031 0.039899 0.098592
ਉ 0.529924 0.604140 0.030051 0.118224
, 0.553157 0.639351 0.020455 0.044388
ਦੁੱ 0.585732 0.596884 0.033081 0.116517
ਧ 0.613510 0.593470 0.030051 0.073837
, 0.632828 0.629535 0.016667 0.037559
ਦ  0.665783 0.586001 0.032071 0.078532
ਹੀ 0.699495 0.570423 0.036869 0.096884
, 0.724116 0.614170 0.018434 0.042680
ਮੱ 0.755808 0.566368 0.036869 0.101579
ਖ 0.784848 0.576398 0.032828 0.075544
ਣ 0.812121 0.567222 0.027273 0.083653
, 0.834975 0.603286 0.018434 0.043961
ਪ 0.246338 0.787879 0.030051 0.085361
ਨੀ 0.280303 0.769953 0.035859 0.104994
ਰ 0.311364 0.777209 0.028283 0.080239
ਅ 0.352652 0.770593 0.035101 0.073837
ਤੇ 0.385227 0.757576 0.028030 0.103286
ਖੋ 0.424495 0.746906 0.027273 0.104994
ਆ 0.457576 0.757576 0.048485 0.080239
ਆ 0.515278 0.748613 0.045707 0.078532
ਦਿ 0.558965 0.731327 0.043687 0.103713
ਤਿ 0.609596 0.726419 0.041919 0.103286
ਆ 0.649369 0.732181 0.043687 0.075544
ਰ 0.686742 0.724712 0.031061 0.087068
ਮਿ  0.730429 0.709987 0.044697 0.103713
ਲ 0.765025 0.717456 0.032071 0.078532
ਦਾ 0.798990 0.716603 0.039899 0.076825
ਹੈ 0.843687 0.696970 0.039899 0.110115
। 0.875126 0.711694 0.021465 0.077251
ਵਿ 0.028662 0.948143 0.032071 0.103713
ਆ 0.062247 0.955399 0.037121 0.075544
ਹ 0.091919 0.947290 0.024242 0.078959
ਸ਼ਾ 0.126389 0.951344 0.031061 0.080239
ਦੀ 0.156439 0.932565 0.029040 0.104994
ਆਂ 0.189520 0.930004 0.035101 0.099872
ਲ 0.230303 0.932565 0.025253 0.081946
ਈ 0.257955 0.919334 0.034091 0.104994
ਦੇ 0.295328 0.911012 0.023485 0.098592
ਸੀ 0.322096 0.912079 0.030051 0.106701
ਘਿ 0.364394 0.902902 0.038889 0.105420
ਉ 0.394949 0.902902 0.026263 0.125053
, 0.414773 0.944089 0.015404 0.042680
ਦੁੱ 0.442424 0.901195 0.026263 0.118224
ਧ 0.463889 0.901195 0.024242 0.075544
, 0.482323 0.937260 0.014646 0.042680
ਦ 0.509596 0.895433 0.026263 0.070849
ਹੀ 0.536237 0.881562 0.033081 0.098592
, 0.557576 0.921682 0.015657 0.054204
ਮੱ 0.584722 0.873239 0.029040 0.101579
ਖ 0.608081 0.883269 0.025253 0.078959
ਣ 0.630051 0.876654 0.026263 0.081946
, 0.648359 0.913572 0.018434 0.047375
ਪ  0.674116 0.873239 0.029040 0.085361
ਨੀ 0.702399 0.864277 0.031061 0.099872
ਰ 0.729545 0.867478 0.025253 0.077251
ਅ 0.763005 0.867478 0.036111 0.073837
ਤੇ 0.789646 0.853606 0.025253 0.098165
ਖੋ  0.821338 0.846351 0.032071 0.110115
ਆ 0.852904 0.857875 0.044697 0.067435
ਆ 0.897980 0.852113 0.041919 0.075544
ਦਿ 0.938384 0.838028 0.036869 0.093470
ਦੇ 0.975253 0.832266 0.032828 0.104994