ਸ 0.106852 0.500000 0.079935 0.248980
ਰ 0.185971 0.500000 0.071778 0.240816
ਕਾ 0.270799 0.495918 0.094617 0.240816
ਰੀ 0.374388 0.483673 0.099511 0.281633
ਹਾ 0.494290 0.500000 0.101142 0.240816
ਈ 0.601958 0.487755 0.104405 0.257143
ਸ 0.714519 0.500000 0.081566 0.224490
ਕੂ 0.800163 0.514286 0.076672 0.261224
ਲ 0.877651 0.487755 0.071778 0.240816
ਮਾ 0.106852 0.761224 0.066884 0.191837
ਣ 0.159054 0.763265 0.034258 0.187755
ਕ 0.201468 0.765306 0.047308 0.208163
ਪੁ 0.251223 0.775510 0.048940 0.236735
ਰ 0.302610 0.769388 0.047308 0.191837
ਸ਼ 0.359706 0.771429 0.047308 0.187755
ਰੀ 0.409462 0.763265 0.055465 0.244898
ਫ 0.462480 0.773469 0.050571 0.183673
ਜ਼ਿ 0.523654 0.765306 0.055465 0.248980
ਲਾ 0.577488 0.781633 0.052202 0.224490
( 0.617455 0.746939 0.014682 0.146939
ਐ 0.653344 0.728571 0.050571 0.191837
ਸ. 0.696574 0.748980 0.039152 0.159184
ਏ 0.734095 0.734694 0.032626 0.171429
ਐ 0.774062 0.732653 0.040783 0.183673
ਸ 0.806688 0.742857 0.027732 0.155102
ਨ 0.837684 0.751020 0.027732 0.138776
ਗ 0.867047 0.738776 0.027732 0.163265
ਰ 0.895595 0.744898 0.029364 0.151020
) 0.920065 0.744898 0.019576 0.142857