ਮ 0.147719 0.187247 0.066667 0.132041
ਨੁੱ 0.208947 0.173276 0.055789 0.228481
ਖ 0.262281 0.186571 0.062807 0.139703
ਹਿੰ 0.353509 0.162461 0.095789 0.187922
ਮ 0.427895 0.191077 0.060702 0.143308
ਤ 0.490175 0.189500 0.071579 0.158179
ਨਾ 0.602105 0.191077 0.103860 0.158630
ਲ 0.704386 0.187922 0.085965 0.158630
ਸ 0.813333 0.189500 0.071579 0.161785
ਭ 0.891404 0.184092 0.084561 0.166291
ਕੁੱ 0.225263 0.402434 0.071579 0.201893
ਝ 0.285614 0.413475 0.061754 0.121226
ਕ 0.366316 0.418882 0.065263 0.132041
ਰ 0.421228 0.421812 0.059298 0.126183
ਸ 0.507193 0.431951 0.061404 0.133844
ਕ 0.570175 0.437359 0.066667 0.141055
ਦਾ 0.656667 0.442091 0.094386 0.150518
ਹੈ 0.773509 0.424966 0.081053 0.222623
। 0.836316 0.462370 0.027719 0.147814