ਮ 0.176836 0.135453 0.043433 0.091873
ਹਾ 0.220786 0.136631 0.045502 0.089517
ਨ 0.264995 0.138398 0.040848 0.088339
ਕੰ 0.310755 0.128681 0.040331 0.107774
ਮ  0.345140 0.141637 0.035677 0.081861
ਕ 0.390124 0.141048 0.036711 0.080683
ਰ 0.421148 0.138693 0.028438 0.080683
ਨ 0.451913 0.143698 0.033092 0.085984
ਲ 0.496122 0.142815 0.035677 0.079505
ਈ 0.533868 0.131331 0.037746 0.108363
ਪ 0.578077 0.142226 0.024819 0.075972
ਹਿ 0.607549 0.135453 0.036194 0.094229
ਲੀ 0.647363 0.130448 0.043433 0.104240
ਜ਼ 0.159255 0.333922 0.047570 0.083628
ਰੂ 0.198294 0.347468 0.032575 0.115430
ਰੀ 0.241468 0.315960 0.049638 0.113663
ਚੀ 0.298862 0.316549 0.050672 0.107774
ਜ਼ 0.341003 0.325677 0.037746 0.082450
ਹੈ 0.382885 0.304476 0.039814 0.117786
ਆ 0.437435 0.320966 0.051706 0.082450
ਤ 0.478800 0.318316 0.028956 0.079505
ਮ 0.506205 0.315371 0.027921 0.080683
- 0.530507 0.318905 0.018614 0.021790
ਵਿ 0.556877 0.303592 0.041365 0.099529
ਸ਼ 0.591520 0.311837 0.029990 0.073616
ਵਾ 0.622802 0.308009 0.040848 0.078916
ਸ 0.654085 0.309482 0.025853 0.073616
। 0.676577 0.306537 0.010858 0.075972