ਭਾ 0.266781 0.153101 0.068847 0.050388
ਰ 0.322719 0.149225 0.046472 0.054264
ਤੀ 0.374355 0.142926 0.067126 0.068798
ਸੰ 0.448365 0.141957 0.060241 0.068798
ਵਿ 0.504303 0.138081 0.065404 0.072674
ਧਾ 0.562823 0.146802 0.055077 0.053295
ਨ 0.624785 0.141473 0.061962 0.058140
ਦੀ 0.285714 0.207849 0.082616 0.066860
ਪ੍ਰ 0.366609 0.218023 0.061962 0.069767
ਸ 0.413081 0.211725 0.058520 0.049419
ਤਾ 0.470740 0.207849 0.067126 0.051357
ਵ 0.535284 0.209787 0.061962 0.053295
ਨਾ 0.610155 0.207364 0.091222 0.052326
ਸ 0.376936 0.314922 0.044750 0.038760
ਮਾ 0.424269 0.313953 0.049914 0.042636
ਜ 0.466437 0.312984 0.034423 0.044574
ਵਾ 0.503442 0.313469 0.039587 0.041667
ਦੀ 0.550775 0.308140 0.048193 0.048450
ਪ੍ਰ 0.389845 0.452519 0.046472 0.042636
ਭੁ 0.431153 0.450581 0.036145 0.042636
ਸੱ 0.466437 0.441376 0.044750 0.041667
ਤਾ 0.512909 0.445736 0.058520 0.036822
ਸੰ 0.422547 0.488372 0.053356 0.036822
ਪ 0.470740 0.490310 0.039587 0.034884
ਨ 0.515491 0.487888 0.049914 0.035853
ਧ 0.426850 0.584787 0.048193 0.037791
ਰ 0.465577 0.581395 0.029260 0.042636
ਮ 0.506024 0.579942 0.048193 0.037791
ਨਿ 0.416523 0.621124 0.058520 0.046512
ਰ 0.461274 0.624031 0.041308 0.040698
ਪੱ 0.500861 0.621609 0.041308 0.049419
ਖ 0.543029 0.626453 0.053356 0.039729
ਗ 0.422547 0.740310 0.056799 0.038760
ਣ 0.470740 0.740310 0.039587 0.044574
ਰਾ 0.515491 0.736919 0.053356 0.041667
ਜ 0.561102 0.738372 0.044750 0.040698
ਲੋ 0.416523 0.887112 0.048193 0.053295
ਕ 0.451807 0.890504 0.043029 0.038760
ਤੰ 0.488812 0.884690 0.037866 0.048450
ਤ 0.520654 0.887597 0.039587 0.042636
ਰੀ 0.567126 0.880814 0.056799 0.058140