ਹੈ 0.270213 0.250992 0.035466 0.108466
ਪੀ 0.312748 0.247189 0.047123 0.110119
ਗੈ 0.373512 0.248677 0.034226 0.107143
ਸ 0.411954 0.260582 0.042659 0.086640
ਵੈ 0.465154 0.247189 0.032986 0.113426
ਲ 0.497644 0.264385 0.038938 0.081680
ਡਿੰ 0.543155 0.247189 0.049603 0.110119
ਗ 0.586186 0.265212 0.038938 0.083333
ਰੁ 0.640501 0.272983 0.038938 0.105489
ਪਾ 0.684152 0.260417 0.048363 0.083664
ਣਾ 0.737351 0.258929 0.053075 0.086640
ਇੱ 0.269097 0.355655 0.044643 0.056548
ਥੇ 0.304563 0.356481 0.028274 0.054894
ਕੁ 0.349950 0.367560 0.034226 0.045966
ਲ 0.383061 0.360450 0.031994 0.044312
ਰ 0.414311 0.363591 0.023562 0.043981
, 0.433904 0.375496 0.017609 0.023479
ਪੱ 0.460441 0.358135 0.028522 0.048942
ਖੇ 0.489459 0.357308 0.029514 0.053241
, 0.513517 0.376157 0.016617 0.031415
ਮ 0.536582 0.363591 0.031994 0.040675
ਧਾ 0.574901 0.363591 0.040179 0.047288
ਨੀ 0.616939 0.359623 0.041419 0.048611
, 0.649430 0.379464 0.014137 0.031415
ਪ੍ਰੈ 0.674727 0.362930 0.031994 0.064484
ਸ 0.707341 0.364418 0.030754 0.048942
, 0.733879 0.380952 0.015377 0.031746
ਵਾ 0.263145 0.418651 0.040179 0.041005
ਸ਼ਿੰ 0.305680 0.415675 0.042411 0.050265
ਗ 0.343502 0.418651 0.033234 0.041005
ਮ 0.390749 0.421792 0.028522 0.043981
ਸ਼ੀ 0.427331 0.420304 0.040179 0.050265
ਨ 0.462178 0.422784 0.029514 0.039352
, 0.486483 0.436177 0.014137 0.025132
ਗੀ 0.518849 0.419478 0.043651 0.048611
ਜ  0.555432 0.424272 0.031994 0.042328
ਰ 0.587426 0.423446 0.027034 0.050595
ਅ 0.638269 0.424107 0.038938 0.039352
ਤੇ 0.674107 0.417989 0.030754 0.054894
ਗੈ 0.259053 0.473049 0.029514 0.055225
ਸ 0.289807 0.479332 0.031994 0.042659
ਗੀ 0.343502 0.476190 0.044643 0.048942
ਜ 0.380704 0.480159 0.027282 0.044312
ਰ 0.409598 0.480820 0.026042 0.045635
ਆ 0.465154 0.480985 0.051835 0.042659
ਦਿ 0.516493 0.476852 0.041419 0.053571
ਦੀ 0.577257 0.477017 0.044891 0.050595
ਰਿ 0.639881 0.480159 0.040179 0.053571
ਪੇ 0.675967 0.480985 0.029514 0.051918
ਅ 0.712550 0.487269 0.041171 0.042659
ਰ 0.749752 0.484954 0.028274 0.043981
ਤ 0.257812 0.535218 0.029514 0.034722
ਸੱ 0.288566 0.532242 0.031994 0.047288
ਲੀ 0.324033 0.532903 0.041419 0.048611
ਬੱ 0.377108 0.533730 0.029514 0.050265
ਖ 0.404886 0.539187 0.028522 0.045966
ਸ਼ 0.433904 0.538360 0.029514 0.044312
ਕੀ 0.487475 0.539187 0.044891 0.048611
ਤੀ 0.532366 0.538525 0.044891 0.047288
ਜਾ 0.590898 0.544808 0.045883 0.043981
ਦੀ 0.637525 0.540840 0.042411 0.051918
 ਹੈ 0.691344 0.540013 0.036458 0.056878
। 0.725074 0.545635 0.014137 0.045635
ਮੋ 0.259053 0.610119 0.043899 0.058201
: 0.300967 0.621858 0.016617 0.043981
9 0.333457 0.614087 0.038938 0.053571
4 0.374752 0.612434 0.036706 0.053571
6 0.416667 0.615575 0.040179 0.050595
4 0.456845 0.615575 0.040179 0.056548
5 0.501736 0.617229 0.042659 0.059854
- 0.536086 0.625000 0.023562 0.025132
5 0.569072 0.616402 0.037946 0.061508
9 0.613963 0.623512 0.037946 0.056548
4 0.657118 0.624173 0.038938 0.051918
2 0.701389 0.629795 0.047123 0.059854
1 0.743304 0.631283 0.036706 0.053571
8 0.279142 0.684028 0.038938 0.055225
0 0.320437 0.683201 0.041171 0.053571
5 0.362971 0.685681 0.038938 0.055225
8 0.404390 0.686508 0.038938 0.053571
5 0.447421 0.691138 0.035218 0.056878
- 0.479291 0.695106 0.026042 0.033069
5 0.517113 0.693452 0.037698 0.058201
9 0.557788 0.695106 0.036706 0.058201
4 0.595610 0.697586 0.041419 0.059854
2 0.641121 0.701389 0.044643 0.054894
1 0.687128 0.697421 0.035466 0.050265