ਹਿੰ 0.104651 0.612272 0.048450 0.148825
ਮ 0.142926 0.625326 0.035853 0.122715
ਤ 0.175872 0.616188 0.030039 0.151436
ਵਾ 0.221415 0.621410 0.043605 0.146214
ਲੇ 0.262597 0.587467 0.038760 0.151436
ਮ 0.304748 0.597911 0.031977 0.135770
ਨੁੱ 0.340116 0.584856 0.032946 0.177546
ਖ 0.378391 0.590078 0.037791 0.140992
ਪ 0.418605 0.583551 0.031008 0.133159
ਰ 0.450097 0.573107 0.037791 0.138381
ਬ 0.488857 0.569191 0.035853 0.146214
ਤਾਂ 0.528101 0.557441 0.052326 0.159269
ਨੂੰ 0.579457 0.558747 0.040698 0.193211
ਵੀ 0.637112 0.528721 0.061047 0.164491
ਚੀ 0.703004 0.513055 0.059109 0.174935
ਰ 0.750484 0.523499 0.041667 0.148825
ਦਿੰ 0.808624 0.493473 0.057171 0.177546
ਦੇ 0.858527 0.492167 0.050388 0.169713
ਹ 0.914244 0.497389 0.043605 0.138381
ਨ 0.956395 0.488251 0.040698 0.146214