ਸ੍ਰੀ 0.106250 0.565000 0.065000 0.116667
ਸਿੱ 0.173125 0.557500 0.061250 0.111667
ਧ  0.225625 0.556667 0.046250 0.116667
ਬਾ 0.282500 0.561667 0.065000 0.090000
ਬਾ 0.348750 0.559167 0.062500 0.088333
ਬਾ 0.413750 0.556667 0.060000 0.083333
ਲ 0.470625 0.555833 0.048750 0.085000
ਕ 0.525000 0.554167 0.052500 0.088333
ਨਾ 0.585000 0.550000 0.062500 0.086667
ਥ 0.642500 0.545000 0.045000 0.090000
ਮੰ 0.691875 0.530833 0.043750 0.101667
ਦਿ 0.744375 0.531667 0.061250 0.106667
ਰ 0.801250 0.535833 0.047500 0.081667