ਲ 0.366764 0.259897 0.130814 0.189329
ਗਾਂ 0.517926 0.243546 0.165698 0.235800
ਮਾ 0.243702 0.527539 0.157946 0.204819
ਤ 0.367733 0.526678 0.095930 0.203098
ਰਾ 0.482558 0.521515 0.135659 0.206540
ਵਾਂ 0.634690 0.492255 0.153101 0.247849
ਮਾ 0.166182 0.890706 0.070736 0.204819
ਤ 0.222384 0.885542 0.047481 0.222031
ਰਾ 0.278585 0.882960 0.064922 0.223752
- 0.319283 0.909639 0.047481 0.046472
ਚਿੰ 0.382267 0.841652 0.076550 0.292599
ਨ 0.441376 0.879518 0.049419 0.213425
- 0.493702 0.889845 0.047481 0.051635
ਉ 0.542636 0.847676 0.048450 0.259897
ਦਾ 0.600291 0.867470 0.072674 0.223752
ਹ 0.661337 0.868330 0.051357 0.215146
ਰ 0.710271 0.864028 0.048450 0.223752
ਣ 0.765019 0.856282 0.064922 0.211704