ਗਿ 0.097273 0.301675 0.084865 0.127042
ਆ 0.180913 0.315972 0.084865 0.114788
ਨ 0.248775 0.318219 0.053309 0.093954
ਅੰ 0.341299 0.312704 0.077819 0.114788
ਜ 0.409007 0.330678 0.057598 0.094363
ਨੁ 0.474418 0.329248 0.070772 0.093954
ਗੁ 0.578125 0.341095 0.082721 0.102124
ਰਿ 0.654105 0.327614 0.079044 0.125817
ਦੀ 0.761336 0.337010 0.079044 0.116013
ਆ 0.846201 0.340278 0.090686 0.097222
ਅ 0.082567 0.444853 0.086091 0.102124
ਗਿ 0.177543 0.437500 0.098958 0.125817
ਆ 0.279412 0.451797 0.104779 0.103758
ਨ 0.364890 0.460376 0.063725 0.095588
ਅੰ 0.469056 0.451797 0.093137 0.119281
ਧੇ 0.545037 0.452410 0.063725 0.130310
ਰ 0.609988 0.465891 0.061275 0.091095
ਬਿ 0.702972 0.468137 0.082414 0.139706
ਨਾ 0.784314 0.482435 0.070466 0.095588
ਸ 0.852635 0.479984 0.063725 0.122549
॥ 0.912684 0.486315 0.044730 0.100899