ਲਾ 0.091452 0.571283 0.103860 0.135212
ਇ 0.181066 0.564951 0.075368 0.166667
ਬ੍ਰੇ 0.245251 0.592320 0.064645 0.187092
ਰੀ 0.311275 0.576593 0.071691 0.171160
ਦੇ 0.387255 0.592320 0.052083 0.168301
ਅੰ 0.457414 0.597835 0.076593 0.160539
ਦ 0.515012 0.622958 0.045956 0.119281
ਰ 0.561734 0.619894 0.054228 0.131944
ਗੱ 0.631740 0.617647 0.064951 0.161765
ਲਾਂ 0.707108 0.633374 0.088235 0.130310
ਨਾ 0.793811 0.649714 0.063725 0.125408
ਕ 0.858609 0.663194 0.054228 0.111520
ਰੋ 0.901501 0.645016 0.050551 0.153595