ਫ 0.089154 0.499592 0.047181 0.086601
ਰੀ 0.139246 0.495098 0.050551 0.105392
ਦਾ 0.187500 0.506740 0.045956 0.091095
ਬੁ 0.239890 0.513889 0.047181 0.095588
ਰੇ 0.280025 0.501225 0.039828 0.105392
ਦਾ 0.328278 0.515319 0.051777 0.089461
ਭ 0.379442 0.522467 0.038909 0.078431
ਲਾ 0.425551 0.517770 0.060049 0.094363
ਕ 0.478554 0.533497 0.038603 0.081699
ਰਿ 0.516238 0.523080 0.045956 0.092729
, 0.541667 0.574346 0.028186 0.037582
ਗੁ 0.572304 0.542892 0.047181 0.097222
ਸਾ 0.615809 0.532680 0.052083 0.080065
ਮ 0.664675 0.542075 0.041360 0.080065
ਨਿ 0.710172 0.538194 0.049632 0.094363
ਨ 0.756740 0.546773 0.045956 0.077206
ਹ 0.798713 0.550245 0.041667 0.070261
ਢਾ 0.838695 0.552696 0.045037 0.072712
ਇ 0.888021 0.547998 0.055453 0.088644
॥ 0.933670 0.559436 0.042586 0.083742
ਦੇ 0.091912 0.610498 0.047794 0.104167
ਹੀ 0.150123 0.617851 0.065564 0.107435
ਰੋ 0.212776 0.616626 0.042586 0.109886
ਗੁ 0.263021 0.639910 0.059743 0.104167
ਨ 0.322151 0.635417 0.046875 0.077206
ਲ 0.372702 0.637255 0.047488 0.075980
ਗ 0.423866 0.642157 0.047488 0.079248
ਈ 0.475797 0.639502 0.059436 0.094363
, 0.516238 0.690564 0.019608 0.039624
ਪ 0.542892 0.647876 0.045956 0.084150
ਲੈ 0.586244 0.638276 0.042586 0.098448
ਸ 0.636183 0.653595 0.046875 0.076797
ਭੁ 0.679534 0.660948 0.043505 0.098856
ਕਿ 0.732690 0.651348 0.056066 0.097631
ਛੁ 0.780790 0.670139 0.045037 0.094363
ਪਾ 0.831801 0.664216 0.056985 0.075980
ਇ 0.888480 0.657475 0.057598 0.103350
॥ 0.937960 0.667688 0.042586 0.094363