ਸੋ 0.070685 0.578538 0.052083 0.124669
ਕਿ 0.134549 0.577050 0.054315 0.124339
ਉ 0.188120 0.583333 0.038938 0.143519
ਮੰ 0.240699 0.564319 0.056796 0.130622
ਦਾ 0.298115 0.570767 0.064980 0.095899
ਆ 0.377108 0.568287 0.081597 0.110119
ਖੀ 0.450893 0.548611 0.068452 0.136905
ਐ 0.523065 0.544643 0.077877 0.148148
ਜਿ 0.617436 0.536045 0.073165 0.149471
ਤੁ 0.685516 0.556382 0.064980 0.146495
ਜੰ 0.765129 0.519511 0.063988 0.148148
ਮ 0.828993 0.536706 0.075645 0.119709
ਹਿ 0.916915 0.516369 0.095734 0.154431