ਡਾ 0.079183 0.577458 0.080996 0.124881
ਭੀ 0.153530 0.563231 0.077369 0.162820
ਮ 0.230295 0.580620 0.056818 0.131205
ਰਾ 0.301620 0.573506 0.085832 0.126462
ਉ  0.374758 0.570345 0.060445 0.173886
ਅੰ 0.455754 0.560070 0.087041 0.162820
ਬੇ 0.530102 0.559279 0.059236 0.145432
ਡ 0.588733 0.574297 0.060445 0.131205
ਕ 0.644342 0.569554 0.062863 0.134366
ਰ 0.704183 0.568764 0.061654 0.126462
ਬ  0.778530 0.568764 0.074952 0.120139
ਲਾ 0.851668 0.570345 0.085832 0.123301
ਕ 0.929642 0.568764 0.082205 0.132785