ਪੰ 0.398750 0.223684 0.092500 0.229323
ਜਾ 0.501250 0.248120 0.102500 0.187970
ਬੀ 0.623750 0.231203 0.132500 0.214286
ਬੋ 0.745000 0.221805 0.085000 0.248120
ਲੋ 0.841250 0.221805 0.097500 0.240602
, 0.913750 0.319549 0.047500 0.090226
ਪੰ 0.396250 0.488722 0.102500 0.248120
ਜਾ 0.506250 0.513158 0.107500 0.191729
ਬੀ 0.627500 0.507519 0.130000 0.233083
ਪ 0.751250 0.522556 0.092500 0.187970
ੜ੍ਹੋ 0.847500 0.522556 0.095000 0.300752
, 0.921250 0.607143 0.037500 0.078947
ਪੰ 0.387500 0.748120 0.095000 0.225564
ਜਾ 0.490000 0.776316 0.105000 0.184211
ਬੀ 0.613750 0.763158 0.137500 0.233083
ਲਿ 0.760000 0.776316 0.115000 0.214286
ਖੋ 0.873750 0.780075 0.097500 0.214286
। 0.938750 0.796992 0.022500 0.172932