ਵਿ 0.092923 0.347346 0.064153 0.080605
ਧਾ 0.151951 0.352927 0.059854 0.064980
ਨ 0.204696 0.352555 0.053571 0.069692
ਸ 0.265873 0.351935 0.050926 0.061012
ਭਾ 0.320437 0.346354 0.066138 0.068700
ਚੋ 0.393519 0.334821 0.049603 0.085813
ਣ 0.443287 0.342510 0.057209 0.062996
ਹ 0.503638 0.342882 0.048280 0.065724
ਲ 0.555225 0.338170 0.049603 0.067708
ਕਾ 0.609788 0.333457 0.067460 0.069692
- 0.644180 0.345362 0.026455 0.015129
0 0.679067 0.336806 0.043320 0.061012
8 0.719246 0.336806 0.037037 0.062996
5 0.763062 0.331969 0.045966 0.061260
ਮ 0.820271 0.330605 0.058532 0.063988
ਲੋ 0.874504 0.311880 0.054563 0.093502
ਟ 0.931713 0.326265 0.057209 0.064732
ਬੂ 0.106812 0.474082 0.060847 0.086062
ਥ 0.166005 0.458457 0.059524 0.067708
ਨੰ 0.244874 0.446801 0.069775 0.092510
. 0.296296 0.481275 0.030423 0.027530
5 0.345403 0.455109 0.059854 0.074405
3 0.413856 0.452629 0.075066 0.069444
- 0.483962 0.450645 0.047288 0.023810
ਤਾ 0.548776 0.449281 0.077712 0.066716
ਮ 0.615575 0.443576 0.061177 0.068700
ਕੋ 0.677249 0.429812 0.059524 0.100198
ਟ 0.739583 0.439236 0.069775 0.075397
ਲ 0.300265 0.566592 0.068783 0.064732
ਖ 0.358796 0.565228 0.048280 0.073413
ਵਿੰ 0.415344 0.552827 0.064815 0.090774
ਦ 0.473214 0.560392 0.050926 0.071677
ਰ 0.525794 0.558036 0.064815 0.072421
ਸਿੰ 0.619378 0.546503 0.081349 0.093502
ਘ 0.702712 0.556176 0.090608 0.068700
9 0.311012 0.679688 0.039352 0.067708
8 0.354828 0.678695 0.045635 0.071677
7 0.393684 0.677703 0.041997 0.071677
2 0.438161 0.676339 0.041667 0.072421
0 0.484458 0.676835 0.048280 0.073413
- 0.531581 0.677331 0.040675 0.022817
1 0.574901 0.678695 0.038029 0.071677
4 0.619378 0.676215 0.060847 0.068700
8 0.682374 0.674479 0.057209 0.068700
3 0.739087 0.675843 0.048280 0.075397
9 0.789848 0.672991 0.053241 0.075149