ਕ 0.050872 0.296041 0.047481 0.127367
ਲ 0.106589 0.296902 0.065891 0.129088
ਮ 0.168605 0.305508 0.058140 0.125645
, 0.209302 0.378657 0.023256 0.048193
ਕ 0.249031 0.319277 0.046512 0.122203
ਦ 0.297481 0.319277 0.048450 0.122203
ਮ 0.350775 0.323580 0.062016 0.127367
ਤੇ 0.422965 0.320138 0.057171 0.141136
ਕ 0.479651 0.338210 0.046512 0.118761
ਸ 0.525678 0.340792 0.047481 0.123924
ਮ 0.578973 0.344234 0.059109 0.123924
ਸੋ 0.648256 0.346816 0.054264 0.142857
ਚ 0.700581 0.356282 0.054264 0.123924
ਕੇ 0.761628 0.350258 0.044574 0.149742
ਰੱ 0.826066 0.356282 0.043605 0.134251
ਖੋ  0.875000 0.363167 0.056202 0.134251
। 0.935078 0.384682 0.029070 0.115318