ਸੰ 0.112351 0.074964 0.049603 0.136099
ਘ 0.165179 0.090793 0.054067 0.116812
ਰ 0.208829 0.086972 0.039683 0.118632
ਸ਼ 0.253100 0.094068 0.046379 0.120451
ਲ 0.311880 0.093886 0.047371 0.101164
ਈ 0.368428 0.089156 0.065724 0.136099
। 0.421131 0.102074 0.024802 0.113901
' 0.467634 0.071870 0.033482 0.085517
ਦਾ 0.820685 0.128821 0.036706 0.063319
ਸ 0.852183 0.132460 0.025298 0.066230
ਤੋ 0.872148 0.118814 0.023562 0.085517
ਵ 0.898934 0.134098 0.024058 0.059316
ਸ 0.920883 0.132096 0.020833 0.063319
ਕੀ 0.947049 0.124454 0.029514 0.066958
ਸ 0.122520 0.410480 0.080853 0.145560
ਰ 0.195312 0.402475 0.066716 0.139010
ਵ 0.270213 0.403384 0.076637 0.134279
ਸਿੱ 0.402902 0.389920 0.100446 0.170670
ਖਿ 0.503720 0.389010 0.097222 0.172489
ਆ 0.605159 0.404112 0.112103 0.139374
ਅ 0.702133 0.405022 0.075397 0.137555
ਭਿ 0.770585 0.390648 0.063492 0.159753
ਆ 0.847222 0.405750 0.093750 0.139010
ਨ 0.927083 0.402475 0.061508 0.136099
ਸ 0.045387 0.600983 0.075397 0.140830
ਮਾ 0.131696 0.594068 0.097222 0.151747
ਜਿ 0.225446 0.583697 0.086310 0.172489
ਕ 0.308656 0.596252 0.077629 0.150291
ਆ 0.423983 0.590793 0.114335 0.139374
ਡਿ 0.522073 0.570233 0.081845 0.183406
ਟ 0.598586 0.585153 0.082093 0.144105
ਪ੍ਰੋ 0.691964 0.583697 0.074405 0.200873
ਫਾ 0.770089 0.588428 0.088294 0.140466
ਰ 0.850446 0.590066 0.067956 0.143741
ਮਾ 0.936260 0.589156 0.099206 0.161572
ਪਿੰ 0.193204 0.800400 0.054067 0.115357
ਡ 0.235243 0.811499 0.032490 0.087336
ਦਾ 0.275050 0.808224 0.043155 0.090247
ਨਾਂ 0.324157 0.803493 0.048611 0.093886
ਰੁ 0.450893 0.813865 0.034722 0.110990
ਪਾ 0.486979 0.801310 0.039931 0.098253
ਣਾ 0.528522 0.800582 0.043155 0.090247
ਪਿੰ 0.187252 0.937409 0.044147 0.101164
ਡ 0.221726 0.948326 0.029266 0.082242
ਦੀ 0.262277 0.934134 0.047371 0.098253
ਜ 0.310268 0.943595 0.037698 0.088792
ਨ 0.344122 0.934862 0.034474 0.083697
ਸੰ 0.382440 0.924491 0.039683 0.104440
ਖਿ 0.422247 0.928675 0.039931 0.109170
ਆ 0.465526 0.930313 0.050595 0.077511