ਗਿ 0.116279 0.518933 0.085271 0.139415
ਆ 0.197674 0.525818 0.079457 0.115318
ਨ 0.262597 0.526678 0.052326 0.123924
ਤੋਂ  0.319767 0.520654 0.058140 0.139415
ਵੱ 0.373062 0.524096 0.046512 0.139415
ਧ 0.415213 0.541308 0.039729 0.111876
ਕੇ 0.458818 0.530120 0.047481 0.144578
ਕੋ 0.511143 0.537005 0.041667 0.130809
ਈ 0.564922 0.528399 0.063953 0.151463
ਵੀ 0.636628 0.540448 0.067829 0.137694
ਦੌ 0.714147 0.549914 0.054264 0.132530
ਲ 0.767442 0.559380 0.054264 0.117040
ਤ 0.818314 0.566265 0.051357 0.113597
ਨ 0.878391 0.561962 0.049419 0.115318
ਹੀਂ 0.940407 0.560241 0.070736 0.149742