ਫ਼ 0.465179 0.116016 0.072479 0.086653
ਰ 0.530694 0.115195 0.058550 0.094867
ਜ਼ 0.590276 0.125462 0.060614 0.086653
ਫ਼ 0.112587 0.184600 0.047717 0.091581
ਰ 0.152695 0.186448 0.034563 0.085421
ਜ਼ 0.185453 0.192608 0.036626 0.088706
ਜ਼ਿੰ 0.236007 0.188912 0.048491 0.102669
ਦ 0.275213 0.196509 0.033531 0.074333
ਗੀ 0.314934 0.193634 0.049523 0.093224
ਦਾ  0.374516 0.206982 0.051586 0.082136
ਗ 0.433970 0.208419 0.045654 0.088296
ਹਿ 0.475110 0.208419 0.040753 0.098152
ਣਾ 0.513283 0.219713 0.041785 0.082136
ਹੈ 0.564354 0.210883 0.048491 0.105544
। 0.599562 0.226694 0.021924 0.080493
ਇ 0.638767 0.220329 0.056487 0.093224
ਹ 0.683389 0.231211 0.044622 0.083778
ਈ 0.730978 0.229774 0.052618 0.089938
ਮਾ 0.776760 0.234497 0.044622 0.080493
ਨ 0.812355 0.240862 0.032757 0.083368
ਦਾ 0.847176 0.241478 0.042559 0.082136
ਰੀ 0.888316 0.236140 0.043848 0.096099
ਤੇ 0.931519 0.238398 0.044622 0.094867
ਸ 0.099690 0.301643 0.045654 0.091581
ਹਿ 0.146763 0.293840 0.046428 0.113758
ਰ 0.185453 0.307187 0.034563 0.090349
ਦ 0.221563 0.304107 0.037658 0.096509
ਤਾ 0.262445 0.307187 0.045654 0.092813
ਦਾ 0.329249 0.311294 0.058550 0.082136
ਸੰ 0.387284 0.311088 0.041527 0.098152
ਗ 0.427521 0.319713 0.042559 0.089938
ਮ 0.467243 0.318891 0.044622 0.094867
ਹੁੰ 0.511865 0.326899 0.036884 0.110883
ਦਾ 0.550039 0.330185 0.043590 0.078850
ਹੈ 0.595564 0.315195 0.037658 0.112115
। 0.626386 0.333060 0.021924 0.082136
ਫ਼ 0.656177 0.336345 0.043848 0.082136
ਰ 0.690869 0.336345 0.029662 0.082136
ਜ਼ 0.720660 0.336550 0.033531 0.094867
ਦੀ 0.769280 0.329363 0.055455 0.105955
ਪੂ 0.813903 0.341889 0.039464 0.086653
ਰ 0.845112 0.339630 0.032757 0.082136
ਤੀ 0.878901 0.341273 0.048749 0.101027
ਤੇ 0.929585 0.347433 0.064483 0.104312
ਕੰ 0.081248 0.422587 0.048491 0.121561
ਮ  0.127418 0.434292 0.051586 0.098152
ਪ੍ਰ 0.191385 0.443943 0.046428 0.123203
ਤੀ 0.239489 0.428953 0.055455 0.115400
ਲ 0.315450 0.438193 0.054681 0.105955
ਗ 0.369487 0.435113 0.049781 0.105544
ਨ 0.417075 0.440657 0.047459 0.088706
ਜ਼ਿੰ 0.477560 0.437577 0.057519 0.117043
ਦ 0.525277 0.442916 0.045654 0.089938
ਗੀ 0.581764 0.442300 0.071447 0.104312
' 0.625999 0.410678 0.014960 0.034497
ਚ 0.660175 0.448665 0.053392 0.088296
ਸਿ 0.720144 0.446201 0.056745 0.112115
ਰ 0.762703 0.451745 0.038690 0.085421
ਉ 0.805520 0.455031 0.040753 0.123203
ਠਾ 0.844725 0.452361 0.041785 0.074333
ਕੇ 0.881352 0.453388 0.037658 0.107598
ਜਿ 0.919139 0.452567 0.043590 0.105955
ਉ 0.947253 0.454825 0.041011 0.113758
ਣ 0.979623 0.455647 0.039721 0.089938
ਦਾ 0.078411 0.571663 0.076348 0.107598
ਸ 0.159660 0.572485 0.054681 0.109240
ਬੱ 0.210214 0.567146 0.048491 0.123203
ਬ  0.257931 0.569405 0.050555 0.108830
ਬ 0.319319 0.571663 0.052618 0.107598
ਣ 0.369487 0.567762 0.047717 0.112115
ਦੀ 0.425071 0.566324 0.067578 0.121561
ਹੈ 0.489554 0.556057 0.051586 0.126489
। 0.530694 0.567967 0.020892 0.102669
ਜਿ 0.569770 0.563039 0.051586 0.118275
ਹ 0.609105 0.568583 0.034821 0.101437
ੜੇ 0.640831 0.562423 0.040495 0.113758
ਮ 0.681971 0.570842 0.045396 0.102669
ਨੁੱ 0.722208 0.570226 0.038690 0.129363
ਖ 0.759866 0.574127 0.040753 0.099384
ਆ 0.809002 0.578234 0.055455 0.101027
ਪ 0.847692 0.578029 0.033789 0.094867
ਣੇ 0.874516 0.568583 0.033789 0.117043
ਫ 0.909595 0.574127 0.042559 0.092813
ਰ 0.944416 0.577207 0.034821 0.089938
ਜ਼ 0.971112 0.580493 0.036626 0.099795
ਨਾ 0.069899 0.728953 0.081506 0.118275
ਲ 0.140831 0.726694 0.060356 0.132649
ਇੱ 0.219758 0.710678 0.065515 0.139220
ਕ 0.274826 0.723409 0.046686 0.126078
- 0.304488 0.725873 0.020892 0.029979
ਮਿੱ 0.343694 0.704517 0.067320 0.148255
ਕ 0.397214 0.718686 0.051586 0.110883
ਹੋ  0.452799 0.698152 0.045654 0.145380
ਜਾਂ 0.507867 0.711704 0.062419 0.121561
ਦੇ 0.563451 0.703696 0.048749 0.127721
ਹ 0.611039 0.712320 0.050555 0.107187
ਨ 0.657596 0.706160 0.046686 0.110472
,0.687903 0.760575 0.018055 0.042710
ਉ 0.716275 0.707598 0.038690 0.135524
ਹ 0.748517 0.709240 0.039721 0.097741
ਜ਼ਿੰ 0.801522 0.698152 0.050812 0.119918
ਦ 0.841114 0.705955 0.036626 0.104312
ਗੀ 0.881352 0.691786 0.053650 0.120329
ਦਾ 0.943384 0.700616 0.056487 0.102669
ਮਾ 0.065901 0.894661 0.085375 0.134292
ਣ 0.131416 0.881314 0.049781 0.145380
ਬ 0.201315 0.882957 0.070415 0.123203
ਣ 0.263348 0.877413 0.049523 0.121971
ਦੇ 0.315837 0.858522 0.059582 0.153183
ਹ 0.386897 0.874127 0.066546 0.108830
ਨ 0.448930 0.867762 0.057519 0.121561
। 0.494454 0.867967 0.027857 0.137577