ਜੇ 0.061873 0.380833 0.050167 0.071667
ਨਾ 0.127926 0.385833 0.071906 0.051667
ਰ 0.200669 0.385000 0.053512 0.050000
ਹੀ 0.262542 0.376667 0.066890 0.070000
ਹ 0.325251 0.384167 0.045151 0.051667
ਰਿ 0.377090 0.375000 0.055184 0.063333
ਆ 0.440635 0.381667 0.071906 0.046667
ਲੀ 0.515050 0.372500 0.070234 0.061667
ਫਿ 0.379599 0.437500 0.063545 0.061667
ਰ 0.436455 0.440833 0.043478 0.048333
ਕੀ 0.497492 0.434167 0.065217 0.058333
ਕ 0.557692 0.436667 0.048495 0.046667
ਰ 0.596154 0.436667 0.035117 0.050000
ਨਾ 0.637960 0.431667 0.048495 0.050000
ਤ 0.683946 0.431667 0.036789 0.046667
ਖ 0.719064 0.429167 0.033445 0.055000
ਤਾਂ 0.755853 0.423333 0.040134 0.053333
ਨੂੰ 0.795151 0.425833 0.035117 0.081667
ਸੁ 0.071070 0.524167 0.058528 0.058333
ਣ 0.127090 0.515833 0.053512 0.055000
ਭਾ 0.188127 0.513333 0.068562 0.053333
ਈ 0.257525 0.505000 0.066890 0.066667
ਆ 0.333612 0.506667 0.071906 0.050000
ਰੇ 0.394649 0.499167 0.043478 0.058333
ਵਾ 0.447324 0.502500 0.055184 0.045000
ਲਿ 0.508361 0.491667 0.063545 0.060000
ਆ 0.571906 0.495833 0.063545 0.041667
ਵੇ 0.630435 0.484167 0.043478 0.055000
ਨਾ 0.382107 0.567500 0.058528 0.048333
ਚੀ 0.451505 0.555000 0.056856 0.060000
ਰ  0.502508 0.558333 0.041806 0.043333
ਦ 0.553512 0.553333 0.046823 0.043333
ਰੱ 0.593645 0.543333 0.036789 0.053333
ਖ 0.634615 0.546667 0.041806 0.043333
ਤਾਂ 0.683110 0.538333 0.051839 0.053333
ਨੂੰ 0.743311 0.539167 0.041806 0.075000
| 0.783445 0.527500 0.018395 0.055000
ਵੱ 0.439799 0.600000 0.013378 0.026667
ਲੋਂ 0.455686 0.598333 0.015050 0.026667
- 0.474080 0.597500 0.018395 0.008333
ਵ 0.491639 0.596667 0.016722 0.020000
ਣ 0.508361 0.596667 0.016722 0.023333
ਮੰ 0.530100 0.590000 0.016722 0.023333
ਡ 0.546823 0.592500 0.013378 0.025000
ਲ 0.563545 0.590833 0.016722 0.021667
ਨ 0.620401 0.589167 0.013378 0.021667
ਕੋ 0.633779 0.583333 0.016722 0.026667
ਦ 0.651338 0.583333 0.015050 0.023333