ਪ੍ਰੋ 0.116071 0.404266 0.016865 0.040675
: 0.128968 0.404762 0.008929 0.024471
ਗੁ 0.146949 0.403770 0.016121 0.031085
ਰ 0.160962 0.399636 0.011905 0.028770
ਮੀ 0.175347 0.396825 0.019841 0.036376
ਤ 0.192584 0.397321 0.016121 0.028770
ਸਿੰ 0.215774 0.392526 0.020833 0.029762
ਘ 0.233259 0.393188 0.017609 0.022487
9 0.254588 0.392526 0.013641 0.027778
7 0.269469 0.387235 0.011161 0.027778
8 0.281374 0.390377 0.016121 0.025463
1 0.292659 0.387731 0.007937 0.028770
0 0.304191 0.389220 0.013641 0.027778
- 0.316592 0.387235 0.012649 0.017196
7 0.329737 0.386739 0.015129 0.028770
9 0.342262 0.382937 0.014385 0.029762
6 0.356895 0.383929 0.016865 0.027778
9 0.368924 0.383598 0.015129 0.024471
8 0.382564 0.382937 0.018601 0.031746
ਬ 0.131820 0.462963 0.059276 0.083333
ਰਾ 0.206225 0.458168 0.080109 0.084325
ੜ 0.283358 0.451224 0.071181 0.093585
ਆ 0.405010 0.441634 0.114583 0.100198
ਟਾ 0.517733 0.432044 0.107887 0.096230
ਚੱ 0.640625 0.407573 0.084821 0.127976
ਕੀ 0.736235 0.406911 0.106399 0.131283
ਇੱ 0.268973 0.527447 0.035962 0.060847
ਥੇ 0.297371 0.527447 0.025794 0.058862
ਠੰ 0.331473 0.526290 0.021577 0.056548
ਡਾ 0.360119 0.531746 0.037698 0.045635
ਆ 0.406622 0.529597 0.037450 0.045966
ਟਾ 0.444196 0.522156 0.032738 0.045635
ਪੀ 0.489335 0.517857 0.036706 0.058862
ਸਿ 0.525422 0.515212 0.031994 0.057540
ਆ 0.562252 0.516204 0.043155 0.048942
ਜਾਂ 0.612227 0.510417 0.035962 0.054563
ਦਾ 0.649430 0.512566 0.039931 0.048280
ਹੈ 0.694940 0.502480 0.028770 0.061839
। 0.720982 0.513228 0.015377 0.046958
ਨੋ 0.208953 0.588459 0.018601 0.056548
ਟ 0.226190 0.594742 0.020833 0.037368
: 0.242932 0.597388 0.012649 0.032077
ਇੱ 0.272197 0.587798 0.026538 0.053241
ਥੇ 0.293775 0.585152 0.021577 0.049934
ਸ 0.320561 0.592097 0.020585 0.042659
ਰੋਂ 0.342510 0.581845 0.024802 0.054563
ਦਾ 0.376240 0.587302 0.031250 0.043651
ਤੇ 0.408978 0.579200 0.019841 0.049272
ਲ 0.430928 0.584656 0.025546 0.038360
, 0.444692 0.600529 0.014385 0.021164
ਬਾ 0.472966 0.583995 0.029762 0.043651
ਸ 0.497768 0.583499 0.019841 0.046627
ਮ 0.516617 0.580357 0.020833 0.046958
ਤੀ 0.541419 0.572917 0.030258 0.053241
ਤੇ 0.576141 0.573413 0.024802 0.052249
ਆ 0.613343 0.577050 0.036706 0.040344
ਮ 0.643725 0.574405 0.024058 0.043651
ਚੌ 0.675843 0.569114 0.022321 0.054233
ਲ 0.699405 0.573413 0.027778 0.039683
ਕੱ 0.731027 0.566964 0.024058 0.054563
ਢੇ 0.756200 0.565972 0.024802 0.056548
ਜਾਂ 0.793775 0.569114 0.032986 0.052249
ਦੇ 0.823041 0.562665 0.031994 0.054563
ਹ 0.856895 0.568122 0.024802 0.043651