ਸ਼ 0.431878 0.109251 0.097884 0.090526
ਬ 0.513724 0.110615 0.073743 0.089782
ਦ 0.600860 0.110243 0.100529 0.083085
ਜੋ 0.152612 0.208333 0.055886 0.075397
ਮਾਂ 0.233962 0.211310 0.079034 0.071429
ਗ 0.304067 0.217510 0.058532 0.059028
ਹਿ 0.371528 0.212302 0.073743 0.077381
ਠਾ 0.456680 0.221354 0.068783 0.064732
ਕੁ 0.518188 0.221850 0.049603 0.065724
ਰ  0.569114 0.221230 0.054894 0.061012
ਅ 0.637897 0.226935 0.070106 0.062996
ਪੁ 0.698909 0.233631 0.051918 0.072421
ਨੇ 0.752976 0.222718 0.056217 0.079365
ਤੇ 0.822255 0.226190 0.059854 0.074405
ਸੋ 0.152612 0.286706 0.066468 0.075397
ਈ 0.224537 0.288070 0.082672 0.072669
ਸੋ 0.312169 0.287202 0.062169 0.076389
ਈ 0.386574 0.289559 0.083995 0.081101
ਦੇ 0.469411 0.291915 0.055886 0.072421
ਵੈ 0.532903 0.292411 0.063823 0.077381 
॥ 0.602183 0.301463 0.044312 0.064732
ਨਾ 0.154431 0.367312 0.080026 0.061012
ਨ 0.226356 0.367684 0.061177 0.065724
ਕ 0.288690 0.371652 0.063492 0.056300
ਦਾ 0.361938 0.372520 0.075066 0.060020
ਸੁ 0.427414 0.379712 0.061177 0.072421
ਮੁ 0.492229 0.381076 0.055886 0.069692
ਖ 0.543155 0.376240 0.053241 0.062004
ਤੇ 0.607308 0.370164 0.062500 0.070685
ਜੋ 0.670966 0.372520 0.062169 0.075397
ਬੋ 0.735780 0.371156 0.057540 0.082093
ਲੈ 0.795635 0.369172 0.064815 0.087550
ਈ 0.165344 0.437376 0.091270 0.071677 
ਹਾ 0.246693 0.443576 0.071429 0.059276
ਊ  0.322421 0.446429 0.054894 0.083829
ਹਾ 0.385417 0.446429 0.071098 0.059028
ਸ 0.461144 0.450769 0.059854 0.058284
ਚੁ 0.517692 0.454985 0.061177 0.066716
ਹੋ 0.583168 0.446429 0.054563 0.070437
ਵੈ 0.639881 0.445437 0.066138 0.072421
॥ 0.710317 0.457341 0.049603 0.052579
ਚ 0.159061 0.516989 0.063492 0.053323
ਤੁ 0.215608 0.517113 0.052249 0.062996
ਰ 0.270337 0.518973 0.057209 0.059276
ਦਿ 0.354167 0.516121 0.080026 0.064980
ਸਾ 0.429894 0.519841 0.078704 0.059028
ਕੀ 0.515046 0.519345 0.073743 0.063988
ਨੋ 0.577381 0.518477 0.053571 0.067708
ਬ 0.635251 0.526042 0.052249 0.058036
ਲੁ 0.693122 0.530878 0.066138 0.063740
ਅ 0.763062 0.528894 0.071098 0.058284
ਪ 0.824239 0.530382 0.053241 0.061260
ਨਾ 0.885747 0.529390 0.075066 0.055308
ਸਿ 0.172950 0.584201 0.089286 0.069692
ਰ 0.239749 0.589038 0.054894 0.056052
ਊ 0.309689 0.592882 0.059854 0.079117
ਪ 0.365575 0.591022 0.057209 0.062004
ਰਿ  0.431217 0.586682 0.066138 0.068700
ਕ 0.498512 0.596230 0.055886 0.053571
ਰਿ 0.560351 0.589534 0.072421 0.070437
ਧਾ 0.645337 0.600074 0.075066 0.057292
ਰਿ 0.716104 0.595238 0.063823 0.068452
ਓ 0.779597 0.592882 0.055886 0.069692
॥ 0.834491 0.605283 0.040675 0.056300
 ਕ੍ਰਿ 0.168485 0.661086 0.080357 0.078125
ਪਾ 0.243552 0.661954 0.072421 0.059028
ਕ 0.311673 0.666791 0.053241 0.059276
ਟਾ 0.370205 0.663938 0.073743 0.057044
ਖ਼ 0.436177 0.669643 0.066138 0.062996
ਅ 0.513228 0.667783 0.070106 0.055308
ਵ 0.571098 0.667287 0.053571 0.060268
ਲੋ 0.623843 0.661582 0.057209 0.069692
ਕ 0.677414 0.671131 0.057209 0.062004
ਨੁ 0.735284 0.674355 0.058532 0.062996
ਕੀ 0.805721 0.666791 0.075066 0.068700
ਨੋ 0.875661 0.664807 0.062169 0.066716
ਦਾ 0.166501 0.735491 0.076389 0.053323
ਸ 0.228340 0.734003 0.054563 0.056300
ਕਾ 0.303902 0.737847 0.078704 0.058036
ਦੂ 0.376488 0.742560 0.058532 0.063988
ਖੁ 0.432374 0.738839 0.061177 0.058036
ਬਿ 0.504299 0.734995 0.064815 0.065724
ਦਾ 0.569775 0.738839 0.066138 0.050595
ਰਿ 0.639716 0.733507 0.071098 0.070685
ਓ 0.703869 0.735987 0.059854 0.069692
॥ 0.756779 0.744048 0.048611 0.059028
ਹ 0.157077 0.804563 0.052249 0.050595
ਰਿ 0.213790 0.799851 0.055886 0.065972
ਜ 0.269015 0.807044 0.054563 0.053571
ਨ 0.321925 0.805184 0.058532 0.057292
ਰਾ 0.400794 0.807540 0.066138 0.052579
ਖੇ 0.461144 0.800719 0.054563 0.069692
ਗੁ 0.529762 0.813740 0.059524 0.062996
ਰ 0.582507 0.809400 0.048611 0.056300
ਗੋ 0.643022 0.806052 0.059854 0.068452
ਵਿੰ 0.704696 0.807540 0.068783 0.071429
ਦ 0.764385 0.812624 0.055886 0.055308
ਰਾ 0.162202 0.875620 0.062500 0.053323
ਖੇ 0.219411 0.867560 0.051918 0.077381
ਗੁ 0.291171 0.880456 0.061177 0.062996
ਰ 0.345899 0.874256 0.050926 0.054563
ਗੋ 0.413360 0.872396 0.063492 0.067708
ਵਿੰ 0.481316 0.871404 0.072421 0.065724
ਦ 0.550761 0.877604 0.073743 0.053323
॥ 0.616237 0.877108 0.041997 0.056300
ਕੰ 0.154431 0.940972 0.064815 0.060020
ਠਿ 0.226356 0.938616 0.076389 0.064732
ਲਾ 0.310351 0.943948 0.079034 0.050595
ਇ 0.389881 0.940600 0.080026 0.064732
ਅ 0.468750 0.945809 0.072421 0.054315
ਵ 0.532242 0.942460 0.054563 0.055556
ਗੁ 0.588955 0.944816 0.066138 0.054315
ਣ 0.648644 0.943452 0.058532 0.059028
ਸ 0.704530 0.945312 0.055886 0.053323
ਭਿ 0.759259 0.945809 0.050926 0.052331
ਮੇ 0.812169 0.941096 0.049603 0.065724
ਟੇ 0.860946 0.939608 0.055886 0.062748