1 0.128159 0.049481 0.038508 0.038485
ਪੰ  0.208484 0.041692 0.063177 0.054062
ਜ 0.281288 0.048259 0.057160 0.042150
ਵਾ 0.336041 0.047037 0.058363 0.049481
ਹ 0.381468 0.045816 0.044525 0.043983
ਰ 0.422984 0.047190 0.044525 0.040012
ਲਾ 0.488568 0.047037 0.067389 0.041539
ਲ 0.551143 0.046426 0.060168 0.041539
ਨ 0.622744 0.046732 0.055355 0.043983
ਹਿ 0.678400 0.038943 0.055957 0.059560
ਰੂ 0.729242 0.049786 0.055355 0.054979
2 0.122142 0.105070 0.042118 0.038485
ਸ੍ਰੀ 0.220217 0.103849 0.077016 0.054979
ਗੁ 0.297834 0.108125 0.060168 0.044594
ਲ 0.354392 0.105070 0.055355 0.041539
ਜਾ 0.409747 0.104307 0.064982 0.046121
ਰੀ 0.470818 0.101863 0.063177 0.051008
ਲਾ 0.549338 0.104918 0.066185 0.040012
ਲ 0.608905 0.104612 0.052948 0.039401
ਨੰ 0.673887 0.098351 0.055355 0.050092
ਦਾ 0.735259 0.103390 0.077016 0.040012
3 0.117629 0.160660 0.063177 0.044594
ਸ੍ਰੀ 0.216907 0.160202 0.074007 0.053451
ਲਾ 0.290313 0.160202 0.069194 0.042456
ਲ  0.350481 0.161881 0.057160 0.039096
ਬ 0.400421 0.160965 0.046330 0.043983
ਹਾ 0.451564 0.160660 0.055957 0.044594
ਦ 0.500301 0.158980 0.041516 0.043067
ਰ  0.542720 0.160965 0.049338 0.039096
ਸ਼ਾ 0.602587 0.159133 0.067990 0.044594
ਸ 0.659146 0.161423 0.045126 0.043067
ਤ 0.697653 0.160202 0.045126 0.040623
ਰੀ 0.759326 0.153940 0.072202 0.047037
4 0.113718 0.218693 0.045728 0.041539
ਸ੍ਰੀ 0.221119 0.217013 0.084838 0.058949
ਗੁ 0.292720 0.221594 0.058363 0.043067
ਲ 0.350481 0.218235 0.053550 0.042456
ਜਾ 0.404332 0.218998 0.060168 0.043983
ਰੀ 0.465403 0.211973 0.064380 0.053146
ਲਾ 0.538809 0.217929 0.075211 0.043067
ਲ 0.602587 0.217471 0.052347 0.042150
ਨੰ 0.672082 0.213958 0.064982 0.051008
ਦਾ 0.741576 0.217929 0.080024 0.043067
5 0.118532 0.274893 0.043321 0.038485
ਸ੍ਰੀ 0.213899 0.274588 0.067990 0.054979
ਮ 0.268652 0.274588 0.047533 0.043983
ਤੀ 0.322503 0.270312 0.060168 0.046426
ਇੰ 0.392900 0.268326 0.058965 0.048564
ਦ 0.443141 0.274588 0.047533 0.039096
ਰਾ 0.496089 0.274130 0.067990 0.040012
ਗਾਂ 0.579723 0.271533 0.080024 0.042150
ਧੀ 0.652828 0.269853 0.075812 0.051619
6 0.113117 0.328650 0.044525 0.040929
ਸ੍ਰੀ  0.217810 0.329108 0.069795 0.057117
ਮੁ 0.292720 0.329108 0.052347 0.043067
ਰਾ 0.345668 0.327886 0.057160 0.040623
ਰ 0.396811 0.330177 0.041516 0.039096
ਜੀ 0.453369 0.325137 0.074007 0.051008
ਦੇ 0.517750 0.323458 0.052347 0.047648
ਸਾ0.573406 0.330330 0.061372 0.037569
ਈ  0.638989 0.322999 0.078219 0.048564
7 0.112214 0.381949 0.046330 0.034514
ਚੌ 0.197052 0.375993 0.052347 0.050703
ਧ 0.238568 0.381949 0.040313 0.042456
ਰੀ 0.291215 0.378436 0.061372 0.049481
ਚ 0.364621 0.381491 0.054152 0.035431
ਰ 0.409146 0.381949 0.042118 0.040623
ਨ 0.455475 0.382254 0.050542 0.040012
ਸਿੰ 0.527978 0.379047 0.066787 0.052535
ਘ 0.595066 0.382712 0.077016 0.040929
8 0.111312 0.436011 0.048135 0.037569
ਸ੍ਰੀ 0.214801 0.433109 0.066185 0.055589
ਮ 0.265644 0.434331 0.047533 0.039096
ਤੀ 0.317389 0.431124 0.058363 0.051619
ਇੰ 0.395307 0.429597 0.060168 0.048564
ਦ 0.443141 0.437080 0.047533 0.036652
ਰਾ 0.492479 0.435095 0.057160 0.037569
ਗਾਂ 0.568893 0.434331 0.074007 0.050092
ਧੀ 0.637485 0.430819 0.063177 0.052230
9 0.109807 0.488393 0.051143 0.037874
ਸ੍ਰੀ 0.217810 0.487935 0.072202 0.049175
ਰਾ 0.302647 0.490837 0.066185 0.036042
ਜੀ 0.363718 0.486866 0.058363 0.047037 
ਵ  0.416366 0.489921 0.049338 0.036042
ਗਾਂ 0.492479 0.487630 0.069194 0.040623
ਧੀ 0.561071 0.487630 0.067990 0.046732
10 0.116125 0.539707 0.060168 0.033598
ਸ੍ਰੀ 0.216306 0.537263 0.069194 0.052535
ਵਿ 0.294826 0.534209 0.060168 0.043372
ਸ਼ 0.343863 0.538638 0.046330 0.037569
ਵ 0.390794 0.540470 0.051143 0.036958
ਨਾ 0.447653 0.539707 0.060168 0.038485
ਥ 0.497593 0.540012 0.049338 0.039096
ਪ੍ਰ 0.552046 0.545052 0.046330 0.043067
ਤਾ 0.595668 0.541234 0.054152 0.041539
ਪ 0.648315 0.541692 0.047533 0.040623
ਸਿੰ 0.712996 0.539707 0.060168 0.049481 
ਘ 0.769254 0.542303 0.061974 0.037569
11 0.111312 0.591326 0.038508 0.035431
ਸ੍ਰੀ  0.217208 0.591020 0.070999 0.050092
ਚੰ 0.291215 0.587813 0.049338 0.042456
ਦ 0.338147 0.591784 0.048135 0.037569
ਰ 0.383875 0.589340 0.043321 0.037569
ਸ਼ੇ 0.437726 0.590257 0.046330 0.043677
ਖ 0.479543 0.594533 0.043321 0.035125
ਰ 0.520156 0.594533 0.045126 0.035125
12 0.112214 0.640348 0.058363 0.039401
ਸ੍ਰੀ 0.214801 0.638363 0.069795 0.050703
ਪੀ 0.282491 0.639432 0.051143 0.048564
. 0.316787 0.656842 0.019856 0.015577
ਵੀ 0.356498 0.639890 0.063177 0.044594
. 0.394404 0.657605 0.015042 0.018937
ਨ 0.427497 0.641875 0.051143 0.040623
ਰ 0.472323 0.644166 0.044525 0.039096
ਸਿ 0.525572 0.641112 0.058363 0.050092
ਮਾ 0.584236 0.646151 0.070999 0.036958
ਰਾ 0.652828 0.647679 0.060168 0.040012
ਉ 0.701564 0.643097 0.049338 0.052230
13 0.123947 0.693189 0.054152 0.036958
ਸ੍ਰੀ 0.216907 0.690440 0.067990 0.048564
ਅ 0.280385 0.694716 0.055355 0.038180
ਟ 0.329122 0.691662 0.044525 0.038180
ਲ 0.376053 0.693189 0.055355 0.036958
ਬਿ 0.434717 0.690898 0.052347 0.047648
ਹਾ 0.486161 0.695480 0.054152 0.038485
ਰੀ 0.540313 0.691203 0.054152 0.042150
ਵਾ 0.611312 0.698687 0.066185 0.036958
ਜ 0.663658 0.697618 0.044525 0.039096
ਪਾ 0.710590 0.697007 0.049338 0.041539
ਈ 0.770156 0.695174 0.066185 0.043983
14 0.123646 0.744197 0.051143 0.040012
ਸ੍ਰੀ 0.211793 0.739921 0.069795 0.048564
ਐ 0.287906 0.736255 0.067990 0.049175
ਚ 0.339049 0.746182 0.046330 0.036042
ਡੀ 0.362214 0.756261 0.015644 0.018937
. 0.408243 0.739310 0.061974 0.046121
ਦੇ 0.447052 0.758858 0.015644 0.018021
ਵ 0.484657 0.741753 0.057160 0.044899
ਗੌ 0.529483 0.746029 0.044525 0.040623
ੜਾ 0.580626 0.740531 0.060168 0.053451
15 0.644404 0.748320 0.080626 0.036042
ਸ੍ਰੀ 0.117629 0.796274 0.066787 0.032987
ਇੰ 0.211492 0.794136 0.063177 0.052535
ਦ 0.283995 0.792303 0.066185 0.050092
ਰ 0.336643 0.797037 0.047533 0.034514
ਕੁ 0.382972 0.795357 0.045126 0.039096
ਮਾ 0.430806 0.798564 0.048135 0.037569
ਰ 0.485560 0.796274 0.061372 0.036042
ਗੁ 0.540915 0.796121 0.049338 0.040623
ਜ 0.608303 0.802535 0.060168 0.040623
ਰਾ 0.658243 0.799175 0.049338 0.037569
ਲ 0.710890 0.797343 0.061974 0.038180
16 0.771059 0.799328 0.061974 0.039096
ਸ੍ਰੀ 0.116125 0.847892 0.060168 0.034209
ਅ 0.211793 0.848198 0.069795 0.052535
ਟ 0.278881 0.850641 0.061974 0.038485
ਲ 0.338147 0.849878 0.050542 0.036958
ਬਿ 0.388989 0.847892 0.057160 0.034209
ਹਾ 0.459386 0.846671 0.061974 0.044594
ਰੀ 0.519555 0.852932 0.061974 0.033903
ਵਾ 0.580325 0.847892 0.063177 0.045205
ਜ 0.653129 0.852932 0.063177 0.035125
ਪਾ 0.706378 0.854918 0.043321 0.036042
ਈ 0.758123 0.853696 0.060168 0.035431
17 0.822503 0.851100 0.075812 0.045510
ਡਾ 0.112214 0.895693 0.052347 0.034514
. 0.207882 0.896151 0.067990 0.041539
ਮ 0.294826 0.898442 0.054152 0.043067
ਨ 0.345969 0.899053 0.054152 0.040012
ਮੋ 0.400120 0.895693 0.054152 0.051619
ਹ 0.453971 0.901191 0.051143 0.040623
ਨ 0.507220 0.902260 0.058965 0.041539
ਸਿੰ 0.604994 0.900428 0.072804 0.047037
ਘ 0.676895 0.903482 0.080626 0.040929
18 0.113718 0.942272 0.061372 0.039707
ਸ੍ਰੀ 0.218712 0.946549 0.080024 0.048259
ਨ 0.298736 0.947465 0.058363 0.036042
ਰਿੰ 0.360409 0.944258 0.070999 0.048564
ਦ 0.424789 0.950519 0.054152 0.036042
ਰ 0.478640 0.948534 0.053550 0.038180
ਮੋ 0.564982 0.945174 0.063779 0.047954
ਦੀ 0.639892 0.949603 0.083634 0.050092