ਭਾ 0.313033 0.101356 0.029420 0.045304
ਰ 0.336275 0.100033 0.020006 0.045966
ਤ 0.355252 0.100860 0.020888 0.042989
ਦੇ 0.386437 0.096065 0.031480 0.053902
ਰਾ 0.424095 0.100033 0.030891 0.045966
ਸ਼ 0.449985 0.100033 0.022065 0.050595
ਟ 0.471462 0.098876 0.025007 0.041667
ਰ 0.494851 0.098380 0.021771 0.045966
ਪ 0.518829 0.102017 0.023831 0.049934
ਤੀ 0.547220 0.094081 0.032951 0.057870
ਅ 0.583554 0.099372 0.030891 0.042659
ਤੇ 0.607826 0.092097 0.025302 0.053902
ਉ 0.637246 0.096065 0.022360 0.060516
ਹ 0.658723 0.098049 0.019417 0.045304
ਨਾਂ 0.684907 0.095238 0.032951 0.047619
ਦਾ 0.722418 0.095569 0.037364 0.043651
ਕਾ 0.769050 0.096396 0.035893 0.045304
ਰ 0.798323 0.095569 0.024419 0.043651
ਜ 0.823477 0.094907 0.027067 0.044974
ਕਾ 0.853928 0.095734 0.037952 0.053241
ਲ 0.889379 0.094907 0.032951 0.046958
1 0.296705 0.150959 0.014416 0.031415
ਡਾ 0.329067 0.151786 0.023242 0.033069
ਰਾ 0.357458 0.151290 0.022360 0.034061
ਜਿੰ 0.380112 0.149306 0.022948 0.042659
ਦ 0.401589 0.152612 0.017064 0.034722
ਰ 0.419535 0.152447 0.020006 0.033069
ਪ੍ਰ 0.443954 0.152116 0.020006 0.035714
ਸਾ 0.466902 0.149802 0.022948 0.037037
ਦ 0.489703 0.150959 0.024419 0.034722
2 0.295234 0.196098 0.021477 0.029762
ਡਾ 0.329067 0.198082 0.025596 0.033730
ਸ 0.358782 0.197255 0.020888 0.034061
ਰ 0.377464 0.198413 0.019417 0.033069
ਵ 0.395410 0.196925 0.016475 0.034722
ਪੱ 0.411150 0.195767 0.017946 0.043651
ਲੀ 0.433951 0.194444 0.025890 0.042989
ਰਾ 0.457635 0.198082 0.021477 0.030423
ਧਾ 0.477935 0.196925 0.022065 0.041336
ਕ੍ਰਿ 0.504266 0.195271 0.025890 0.057209
ਸ਼ 0.523978 0.197255 0.019417 0.038690
ਨ 0.541924 0.198082 0.019417 0.033730
ਨ 0.560900 0.196429 0.021477 0.035714
3 0.294204 0.243221 0.019417 0.030754
ਡਾ 0.329362 0.241898 0.025007 0.034722
ਜਾ 0.363489 0.243221 0.024419 0.034061
ਕਿ 0.388644 0.238095 0.025890 0.041005
ਰ 0.412327 0.242229 0.024419 0.034722
ਹੁ 0.441012 0.246858 0.021771 0.041336
ਸੈ 0.461459 0.237269 0.022065 0.049272
ਨ 0.483377 0.244048 0.022948 0.032407
4 0.291851 0.290013 0.022948 0.030423
ਵੀ 0.331127 0.284392 0.027361 0.046958
ਵੀ 0.366726 0.282738 0.027949 0.043651
ਗਿ 0.409091 0.283896 0.030891 0.045966
ਰੀ 0.441012 0.285218 0.035893 0.041997
5 0.295675 0.335152 0.019417 0.032077
ਮੁੱ  0.325831 0.332837 0.020888 0.041997                            
ਖ 0.345543 0.332837 0.020300 0.035384
ਜੱ 0.367167 0.330357 0.017064 0.043651
ਜ 0.384672 0.333995 0.019123 0.031746
ਹਿ 0.407914 0.330853 0.021477 0.042659
ਦਾ 0.429538 0.333499 0.022948 0.030754
ਇ 0.453516 0.329034 0.023831 0.044312
ਤ 0.473963 0.332837 0.017064 0.035384
- 0.485143 0.334491 0.010591 0.009590
ਉੱ 0.499853 0.332011 0.020006 0.044974
ਲਾ 0.521330 0.333664 0.028832 0.029101
6 0.296411 0.376653 0.017946 0.033069
ਵੀ 0.332598 0.375496 0.027361 0.043320
ਵੀ 0.368491 0.374669 0.030303 0.043651
ਗਿ 0.416299 0.375000 0.036481 0.044312
ਰੀ 0.448808 0.375496 0.031480 0.043320
7 0.296117 0.421462 0.018535 0.030754
ਫ 0.327008 0.421627 0.024419 0.029101
ਖ 0.347749 0.422619 0.017064 0.033069
ਰੁ 0.364960 0.424769 0.018535 0.041997
ਦੀ 0.385702 0.420304 0.025890 0.039683
ਨ 0.407326 0.422288 0.021477 0.032407
ਅ  0.433804 0.424438 0.024419 0.034722
ਲੀ 0.458959 0.420800 0.028832 0.038690
ਅ 0.487349 0.423942 0.023831 0.032407
ਹਿ 0.509562 0.421131 0.022360 0.041336
ਮ 0.528979 0.421958 0.019417 0.036376
ਦ 0.548691 0.423115 0.025890 0.035384
8 0.297146 0.468254 0.019417 0.033730
ਬੀ 0.334069 0.463790 0.030303 0.042659
ਡੀ 0.374375 0.465443 0.031480 0.044643
ਜੱ 0.409385 0.464616 0.024419 0.042989
ਤੀ 0.436452 0.466270 0.027949 0.041005
9 0.295822 0.514220 0.017946 0.029101
ਨੀ 0.332009 0.510582 0.027361 0.041005
ਲ 0.355987 0.512897 0.023536 0.033069
ਮ 0.376728 0.514220 0.020888 0.033730
ਸੰ 0.403060 0.511078 0.020006 0.041997
ਜੀ 0.424095 0.510913 0.022065 0.040344
ਵਾ 0.447485 0.516369 0.022948 0.031415
ਰੈ  0.473669 0.506283 0.019417 0.048280
ਡੀ 0.496175 0.511409 0.027361 0.036045
10 0.295675 0.561012 0.023536 0.030754
ਗਿ 0.334510 0.555886 0.026478 0.041005
ਆ 0.358782 0.559689 0.027949 0.034722
ਨੀ 0.387908 0.556713 0.027361 0.042659
ਜ਼ੈ 0.418653 0.556217 0.022948 0.043651
ਲ 0.442777 0.561012 0.025302 0.030754
ਸਿੰ 0.474993 0.557044 0.030891 0.043320
ਘ  0.502795 0.561343 0.028832 0.031415
1 0.291703 0.608135 0.011474 0.033069
1 0.299941 0.606151 0.010886 0.033730
ਆ 0.332598 0.605324 0.031480 0.038690
ਰ 0.355987 0.605820 0.019417 0.041005
ਵੈਂ 0.382907 0.598876 0.018535 0.048280
ਕ 0.401589 0.606151 0.018829 0.033730
ਟ 0.416887 0.606151 0.019417 0.033730
ਰ 0.435716 0.606481 0.019417 0.036376
ਮ 0.456164 0.607474 0.024419 0.036376
ਨ 0.479406 0.604828 0.027949 0.033069
1 0.290674 0.653274 0.007649 0.031415
2  0.299647 0.652612 0.015593 0.038029
ਡਾ 0.330097 0.652612 0.025302 0.036045
ਸ਼ੰ 0.359518 0.648975 0.022360 0.037368
ਕ 0.377170 0.653770 0.018829 0.033730
ਰ 0.394086 0.651786 0.020888 0.037698
ਦਿ 0.423360 0.650628 0.026478 0.046627
ਆ 0.449691 0.655093 0.027361 0.036376
ਲ 0.475875 0.652612 0.020888 0.034722
ਸ਼ 0.500588 0.657738 0.024419 0.033730
ਰ 0.520006 0.653439 0.018535 0.037698
ਮਾ 0.540453 0.653770 0.026478 0.040344
1 0.288467 0.700231 0.010886 0.031415
3 0.301412 0.700066 0.017946 0.036376
ਕੇ 0.329067 0.696098 0.023242 0.042989
ਆ  0.358782 0.700231 0.027949 0.034722
ਰ  0.380406 0.701720 0.016475 0.036376
ਨ  0.409826 0.700066 0.025302 0.033069
ਰਾ  0.431303 0.700066 0.022360 0.036376
ਇ 0.455428 0.698247 0.025890 0.041997
ਣ  0.477935 0.701885 0.022065 0.034722
ਨ   0.501618 0.701389 0.029420 0.035714
1  0.287143 0.748512 0.012357 0.039352
4 0.298911 0.745866 0.014122 0.038690
ਡਾ 0.329067 0.745701 0.024419 0.033730
ਏ  0.353781 0.741567 0.022065 0.041997
ਪੀ 0.386437 0.742063 0.030303 0.042989
ਜੇ 0.414828 0.742560 0.022360 0.041997
ਅ 0.441012 0.747851 0.024125 0.034722
ਬ 0.461459 0.747851 0.017946 0.038029
ਦੁ 0.478964 0.748677 0.020006 0.036376
ਲ 0.497058 0.747685 0.018535 0.033069
ਕ 0.515004 0.750661 0.014416 0.037037
ਲਾ 0.533981 0.748677 0.022360 0.036376
ਮ 0.554428 0.749339 0.021477 0.033069
1 0.289938 0.790013 0.010886 0.032407
5 0.302442 0.789352 0.015887 0.032407
ਸ੍ਰੀ 0.329803 0.788029 0.025890 0.047619
ਮ 0.350250 0.792824 0.016770 0.034722
ਤੀ 0.367167 0.789683 0.022948 0.042989
ਪ੍ਰ 0.395116 0.794974 0.018829 0.035714
ਤਿ 0.413798 0.788194 0.021477 0.042659
ਭਾ 0.434245 0.792493 0.023536 0.035384
ਪਾ 0.462195 0.793320 0.025302 0.037037
ਟਿ 0.485437 0.791336 0.022948 0.044312
ਲ 0.507796 0.793651 0.025890 0.033069
1 0.287585 0.838790 0.011474 0.031415
6 0.299647 0.837632 0.014416 0.032407
ਸ੍ਰੀ 0.330833 0.836475 0.025007 0.044643
ਪ੍ਰ 0.352457 0.840112 0.019417 0.037368
ਣ 0.368491 0.837632 0.017358 0.033730
ਬ 0.384672 0.837632 0.019123 0.033730
ਮੁ 0.409091 0.841435 0.017946 0.034722
ਖ 0.424242 0.838128 0.019417 0.034722
ਰ 0.441748 0.840939 0.017358 0.032407
ਜੀ 0.460430 0.836806 0.022948 0.041997
2 0.647249 0.151620 0.013533 0.034722
6 0.660930 0.150959 0.013828 0.031415
- 0.674610 0.151620 0.010591 0.013558
1 0.683878 0.150463 0.010886 0.025794
- 0.693881 0.148479 0.007944 0.015212
1 0.706531 0.150132 0.008532 0.029762
9 0.718005 0.149636 0.014416 0.030754
5 0.733304 0.149306 0.017946 0.031415
0 0.749632 0.150794 0.015887 0.033069
ਤੋਂ 0.773316 0.146164 0.021477 0.044312
1 0.791556 0.150463 0.007944 0.030423
3 0.803472 0.148975 0.015887 0.035384
- 0.818329 0.149802 0.011474 0.011243
5 0.833922 0.150463 0.015004 0.035714
- 0.850103 0.150959 0.008532 0.016865
1 0.857458 0.149636 0.007944 0.027447
9 0.869079 0.146825 0.010591 0.029762
6 0.881583 0.149306 0.011474 0.031415
2 0.896440 0.150794 0.016475 0.036376
1 0.642983 0.199405 0.010886 0.029762
3 0.654163 0.198909 0.014416 0.035384
- 0.669315 0.196098 0.010003 0.011905
5 0.682554 0.196429 0.016475 0.035714
- 0.695352 0.198082 0.012062 0.014550
1 0.706090 0.196429 0.009415 0.032407
9 0.715063 0.198413 0.011474 0.029762
6 0.726243 0.197255 0.013828 0.034061
2 0.740953 0.196759 0.018535 0.029762
ਤੋਂ 0.772874 0.189484 0.019417 0.044312
1 0.788614 0.195271 0.007944 0.034722
3 0.800971 0.194114 0.015004 0.032407
- 0.815534 0.194444 0.010003 0.013889
5 0.833480 0.195602 0.015887 0.030754
- 0.848632 0.193287 0.011474 0.012897
1 0.857899 0.194444 0.008826 0.029762
9 0.867314 0.194444 0.012945 0.031746
6 0.881877 0.192791 0.015004 0.029762
7 0.893351 0.194444 0.015004 0.031746
1 0.641512 0.242063 0.010886 0.028439
3 0.654016 0.241071 0.012945 0.033069
- 0.668873 0.240741 0.010886 0.014550
5 0.680347 0.241733 0.015004 0.037037
- 0.695352 0.241237 0.00120 0.013558
1 0.705060 0.242394 0.007355 0.032407
9 0.714034 0.242890 0.015299 0.038029
6 0.728155 0.241237 0.012945 0.031415
76 0.740953 0.240410 0.012651 0.036376
ਤੋਂ 0.771109 0.233962 0.021771 0.042659
3 0.796117 0.238757 0.020006 0.033069
- 0.814798 0.238426 0.011474 0.015873
5 0.826272 0.238426 0.017358 0.032407
- 0.847161 0.238261 0.010297 0.012897
1 0.857899 0.239583 0.010003 0.031415
9 0.867608 0.241237 0.012357 0.031415
6 0.881583 0.239253 0.015593 0.030754
9 0.893792 0.240741 0.014122 0.033730
3 0.647690 0.288029 0.018535 0.028439
- 0.665931 0.288856 0.010886 0.012235
5 0.677846 0.290013 0.012945 0.030423
- 0.696087 0.288525 0.012357 0.012897
1 0.704031 0.288856 0.009415 0.026786
9 0.715210 0.285549 0.012945 0.034722
6 0.727714 0.287202 0.012062 0.030093
9 0.743160 0.288360 0.017064 0.032407
ਤੋਂ 0.772286 0.279927 0.019417 0.038029
2 0.794351 0.288360 0.013533 0.033730
0 0.808767 0.286706 0.015299 0.029101
- 0.820535 0.286376 0.007061 0.017196
7 0.830244 0.286872 0.016475 0.034061
- 0.844954 0.283565 0.010003 0.019511
1 0.857311 0.286045 0.010003 0.030423
9 0.867902 0.288029 0.012945 0.031746
6 0.880994 0.284722 0.014416 0.029762
9 0.895558 0.285549 0.013533 0.028108
( 0.903060 0.287864 0.006178 0.026124
ਕਾ 0.910268 0.288856 0.010591 0.021495
ਰ 0.918358 0.290840 0.007944 0.024140
ਜ 0.924684 0.289187 0.009415 0.024802
ਕਾ 0.933657 0.291832 0.014416 0.024802
ਰੀ 0.946896 0.287533 0.015593 0.029431
) 0.960430 0.289517 0.007944 0.026786
2 0.648573 0.338459 0.015593 0.031415
0 0.661371 0.338624 0.012357 0.032407
- 0.671815 0.334491 0.009709 0.011574
7 0.680053 0.335979 0.011474 0.033730
- 0.692704 0.335813 0.013828 0.012897
1 0.703148 0.335648 0.008238 0.027778
9 0.713592 0.335648 0.013828 0.029101
6 0.726537 0.336310 0.012062 0.031746
9 0.737717 0.336310 0.015004 0.029101
ਤੋਂ 0.771845 0.328704 0.018535 0.044312
2 0.792439 0.336640 0.015593 0.032407
4 0.806267 0.335979 0.015593 0.029762
- 0.820094 0.334821 0.009709 0.013558
8 0.830685 0.336971 0.015004 0.031746
- 0.845690 0.335813 0.011474 0.014220
1 0.857458 0.337136 0.007355 0.028770
9 0.867608 0.334325 0.014122 0.034392
6 0.880112 0.337302 0.013239 0.031085
9 0.893351 0.336310 0.013239 0.033069
ਕਾ 0.902471 0.339451 0.006178 0.028108
ਰ 0.912474 0.340443 0.015593 0.023479
ਜ 0.922624 0.341766 0.008826 0.021495
ਕਾ 0.931303 0.340112 0.009709 0.024802
ਰੀ 0.943366 0.339947 0.015593 0.024471
) 0.957635 0.337632 0.017652 0.033069
2 0.970727 0.341601 0.006178 0.027116
4 0.646514 0.382606 0.015004 0.029762
- 0.662401 0.382440 0.016770 0.031415
8 0.674316 0.381118 0.008826 0.013558
- 0.685349 0.382110 0.016181 0.026786
1 0.695940 0.380126 0.008532 0.010913
9 0.703295 0.382275 0.006767 0.027116
6 0.713298 0.382275 0.012651 0.027116
9 0.725655 0.381779 0.010886 0.028108
ਤੋਂ  0.737423 0.381118 0.014416 0.028770
2 0.769344 0.378142 0.019417 0.038029
4 0.791262 0.381779 0.015004 0.028108
- 0.806855 0.382440 0.014416 0.029431
8 0.818182 0.381614 0.008238 0.012566
- 0.828920 0.381944 0.016770 0.032407
1 0.841865 0.381283 0.010886 0.011905
9 0.855840 0.382110 0.006472 0.028770
7 0.865696 0.379960 0.014416 0.027778
4 0.879670 0.381944 0.012357 0.027116
2 0.892615 0.382606 0.013533 0.026455
4 0.646955 0.427083 0.014122 0.028770
- 0.661518 0.425265 0.013828 0.027116
8 0.672551 0.424438 0.008238 0.012235
- 0.685202 0.424603 0.012945 0.030423
1 0.695204 0.424934 0.008238 0.009259
9 0.701677 0.426091 0.008826 0.028770
7 0.713004 0.424438 0.015004 0.027447
4 0.725508 0.425926 0.013533 0.033069
ਤੋਂ  0.738600 0.426091 0.013828 0.023479
1 0.767873 0.421296 0.016475 0.039021
1 0.787290 0.428241 0.008238 0.026455
- 0.793616 0.426257 0.006178 0.029101
2 0.802001 0.424107 0.007649 0.008929
- 0.818770 0.426257 0.015887 0.030423
1 0.834657 0.424769 0.011180 0.016204
9 0.850544 0.427910 0.007061 0.030423
7 0.863048 0.427083 0.013239 0.032077
7 0.878788 0.426918 0.015299 0.030423
1 0.895116 0.427083 0.015593 0.032077
1 0.644013 0.472388 0.008238 0.029431
- 0.654457 0.473049 0.006767 0.031415
2 0.669020 0.470403 0.010591 0.010251
- 0.684319 0.472553 0.016475 0.033069
1 0.699323 0.473710 0.007649 0.010251
9 0.705649 0.472718 0.006767 0.028770
7 0.716534 0.472057 0.015004 0.027447
7 0.729773 0.472388 0.011474 0.033399
ਤੋਂ  0.742424 0.470403 0.015004 0.032077
2 0.768020 0.467262 0.019712 0.039683
5 0.790968 0.472388 0.015593 0.028108
- 0.805825 0.473876 0.013533 0.029762
7 0.817741 0.475033 0.007355 0.012897
- 0.827155 0.470569 0.014416 0.029762
1 0.840100 0.475364 0.009709 0.012235
9 0.850838 0.474206 0.007649 0.027778
7 0.860547 0.473380 0.015887 0.028108
7 0.875257 0.472884 0.013533 0.027116
2 0.890850 0.473710 0.012357 0.030754
5 0.645484 0.517196 0.014122 0.030423
- 0.660930 0.517526 0.013828 0.033069
7 0.671227 0.519841 0.007355 0.007275
- 0.683731 0.518188 0.015887 0.035053
1 0.695940 0.520999 0.008532 0.009590
9 0.704913 0.519676 0.008238 0.027447
7 0.715357 0.519511 0.014416 0.028439
7 0.728891 0.519015 0.013239 0.029431
ਤੋਂ  0.743601 0.520833 0.013828 0.031746
2 0.769050 0.512731 0.015887 0.041997
5 0.790085 0.520007 0.014416 0.029431
- 0.805237 0.520172 0.012945 0.027778
7 0.814357 0.520668 0.007061 0.010251
- 0.827596 0.520668 0.014122 0.026124
1 0.839217 0.522321 0.007944 0.009590
9 0.848338 0.521495 0.006178 0.030423
8 0.858929 0.520833 0.015004 0.028439
2 0.874081 0.522652 0.013533 0.028770
2 0.888202 0.521660 0.014710 0.030093
5 0.645925 0.564815 0.015004 0.030423
- 0.660783 0.564980 0.013533 0.031415
7 0.672109 0.566634 0.005001 0.010913
- 0.681377 0.565146 0.012945 0.028439
1 0.691821 0.567460 0.009709 0.010582
9 0.702412 0.565642 0.006767 0.026786
8 0.713445 0.565642 0.015299 0.029431
2 0.729038 0.565972 0.013533 0.030754
ਤੋਂ  0.743601 0.565146 0.014416 0.028439
2 0.768608 0.559689 0.020888 0.045966
5 0.790085 0.566468 0.016181 0.028439
- 0.805531 0.566634 0.016475 0.031415
7 0.817152 0.567956 0.005590 0.009590
- 0.827302 0.565807 0.015887 0.029762
1 0.838776 0.566964 0.010003 0.011574
9 0.849662 0.568122 0.007061 0.028439
8 0.859665 0.568618 0.013533 0.030754
7 0.873639 0.566634 0.014416 0.032077
2 0.888791 0.567130 0.014710 0.028439
5 0.648279 0.610450 0.013828 0.031085
- 0.660635 0.609954 0.013239 0.027447
7 0.671227 0.609623 0.006767 0.010251
- 0.681083 0.610119 0.012945 0.029101
1 0.689762 0.611276 0.009709 0.008929
9 0.702560 0.610450 0.007061 0.026455
8 0.712121 0.612599 0.012062 0.026124
7 0.724919 0.612434 0.013533 0.027778
ਤੋਂ  0.738600 0.611276 0.016181 0.031415
2 0.766696 0.606151 0.021183 0.040344
5 0.787585 0.613426 0.012945 0.029101
- 0.801265 0.614914 0.012062 0.029431
7 0.810091 0.614583 0.006767 0.006944
- 0.822448 0.613591 0.015004 0.029431
1 0.834363 0.615245 0.007649 0.009590
9 0.845984 0.615245 0.006178 0.028770
9 0.855693 0.615079 0.013828 0.028439
2 0.869815 0.614583 0.015004 0.025463
2 0.882024 0.614914 0.014710 0.030754
5 0.649162 0.656250 0.016181 0.031415
- 0.663725 0.657407 0.014122 0.028439
7 0.674316 0.658399 0.009415 0.010582
- 0.684319 0.659392 0.012945 0.028439
1 0.692998 0.661541 0.007944 0.006944
9 0.700500 0.659392 0.005296 0.026455
9 0.709179 0.659722 0.012062 0.029101
2 0.720800 0.661210 0.012945 0.027447
ਤੋਂ  0.733892 0.660880 0.015004 0.031415
2 0.765372 0.653935 0.017358 0.040013
5 0.785672 0.662368 0.013239 0.027778
- 0.798323 0.663029 0.012062 0.028439
7 0.810385 0.663690 0.007944 0.011243
- 0.820094 0.661210 0.015593 0.029431
1 0.834951 0.662864 0.006472 0.006944
9 0.844366 0.663690 0.007061 0.027778
9 0.855104 0.663029 0.012651 0.031085
7 0.868638 0.663690 0.014416 0.029762
2 0.883054 0.663360 0.015004 0.031746
5 0.648573 0.704861 0.015004 0.029431
- 0.663136 0.706019 0.013533 0.033069
7 0.675346 0.705522 0.009120 0.010251
- 0.684466 0.705688 0.013239 0.033730
1 0.692557 0.707011 0.008826 0.008598
9 0.700500 0.706515 0.006472 0.028770
9 0.709032 0.705688 0.011768 0.027778
7 0.721242 0.709160 0.012651 0.030093
ਤੋਂ  0.732274 0.705026 0.011180 0.031085
2 0.763460 0.700728 0.017064 0.041667
5 0.785231 0.708995 0.012357 0.028439
- 0.799794 0.708664 0.013239 0.033069
7 0.809209 0.708995 0.010886 0.012566
- 0.819800 0.706349 0.014416 0.030423
2 0.831274 0.708995 0.007355 0.007937
0 0.843483 0.708003 0.014710 0.031746
0 0.855987 0.709656 0.013239 0.026455
2 0.868049 0.708829 0.011474 0.030754
2 0.880259 0.710483 0.013533 0.030093
5 0.650044 0.751984 0.013239 0.031085
- 0.663136 0.753307 0.012945 0.028439
7 0.672109 0.752646 0.007355 0.011905
- 0.684025 0.752149 0.011180 0.030754
2 0.692557 0.753307 0.008826 0.009921
0 0.701677 0.753307 0.011180 0.030423
0 0.714181 0.752976 0.012062 0.026455
2 0.725949 0.753472 0.011474 0.030754
ਤੋਂ  0.738452 0.754795 0.012357 0.031415
2 0.763901 0.750165 0.016181 0.041336
5 0.785231 0.754795 0.012357 0.031415
- 0.798470 0.755952 0.012357 0.029101
7 0.809061 0.755952 0.007649 0.008598
- 0.818329 0.755787 0.011474 0.026124
2 0.829362 0.755456 0.007061 0.006283
0 0.844954 0.756448 0.011768 0.026124
0 0.857311 0.756944 0.012357 0.028439
7 0.870550 0.757110 0.011768 0.025463
2 0.882613 0.754960 0.013533 0.029101
5 0.651809 0.798776 0.012651 0.032738
- 0.666961 0.798446 0.017652 0.034061
7 0.678141 0.799934 0.007649 0.008598
- 0.686673 0.798280 0.014122 0.027116
2 0.703883 0.798446 0.014416 0.036706
0 0.719623 0.801257 0.013533 0.031085
0 0.733157 0.799934 0.011180 0.031085
7 0.742866 0.798776 0.012357 0.028108
ਤੋਂ  0.763460 0.794974 0.015299 0.041005
2 0.784643 0.801091 0.013533 0.030754
5 0.797735 0.801753 0.011474 0.030093
- 0.808326 0.803406 0.007944 0.010913
7 0.818182 0.802414 0.012945 0.026124
- 0.828332 0.802745 0.009120 0.009590
2 0.842895 0.801918 0.011768 0.028439
0 0.856281 0.802249 0.012062 0.026455
1 0.865696 0.801753 0.006767 0.027447
2 0.876287 0.800926 0.014416 0.026455
2 0.652398 0.847388 0.013828 0.030093
5 0.665931 0.847057 0.013239 0.030754
- 0.676228 0.845734 0.009120 0.012235
7 0.684466 0.844907 0.011474 0.032407
- 0.693881 0.847388 0.007944 0.006944
2 0.704619 0.846065 0.011768 0.030093
0 0.717123 0.848545 0.013828 0.029762
1 0.725655 0.848214 0.006178 0.027116
2 0.735363 0.847388 0.016181 0.029431
ਤੋਂ  0.763460 0.842923 0.021183 0.042328