ਮੈ 0.226356 0.190228 0.040675 0.050595
ਟ੍ਰਿ 0.272817 0.198413 0.049603 0.053571
ਕ 0.316634 0.196429 0.038029 0.038194
ਤੋਂ 0.366402 0.195064 0.048280 0.040923 
ਬਾ 0.425430 0.200273 0.054563 0.032490
ਅ 0.477017 0.201265 0.053241 0.034474
ਦ 0.520172 0.201761 0.033069 0.035466
ਵੱ 0.561508 0.200769 0.031746 0.035466
ਖ 0.593915 0.204613 0.035714 0.035218
- 0.621197 0.206473 0.024140 0.016121
ਵੱ 0.648644 0.202753 0.028108 0.042907
ਖ 0.681713 0.206597 0.038029 0.037202
ਗ 0.731316 0.209821 0.045966 0.034226
ਰੁੱ 0.772156 0.207465 0.033069 0.050347
ਪ 0.803075 0.211310 0.041997 0.033234
1 0.190807 0.267609 0.030423 0.046627
ਹਿ 0.298280 0.264757 0.067460 0.054315
ਊ 0.361772 0.275298 0.052249 0.075397
ਮੈ 0.410218 0.266617 0.047288 0.062004
ਨ 0.459160 0.274802 0.048611 0.047619
ਟੀ 0.517526 0.274182 0.066138 0.054315
ਜ਼ 0.575397 0.276166 0.049603 0.050347
ਗ 0.651290 0.281870 0.055886 0.040923
ਰੁੱ 0.703373 0.280506 0.045635 0.059028
ਪ 0.748512 0.281374 0.054563 0.043899
( 0.702381 0.324157 0.012566 0.024802
ਆ 0.724537 0.322917 0.033069 0.019345
ਰ  0.750661 0.323909 0.019180 0.021329
ਟ 0.767196 0.323909 0.019180 0.019841
ਸ 0.787368 0.324529 0.023148 0.018601
ਗ 0.817130 0.326017 0.023810 0.020089
ਰੁੱ 0.839286 0.325645 0.018519 0.026290
ਪ 0.855820 0.325645 0.023810 0.019345
) 0.873677 0.325273 0.017196 0.024058
2  0.177910 0.339038 0.060847 0.051587
ਕਾ 0.304563 0.344246 0.073413 0.055060
ਮ 0.372520 0.344246 0.053241 0.049603
ਰ 0.423446 0.345238 0.041336 0.046131
ਸ 0.473545 0.344990 0.049603 0.049603
ਗ  0.556217 0.348090 0.056878 0.048859
ਰੁੱ 0.612434 0.349454 0.049603 0.070933
ਪ 0.659722 0.351438 0.054233 0.047619
3 0.154101 0.426959 0.058862 0.059276
ਵੋ 0.283896 0.417907 0.055886 0.074405
ਕੇ 0.338128 0.418899 0.063161 0.072421
ਸ਼ 0.399140 0.428199 0.056878 0.052331
ਨ 0.453042 0.430060 0.054233 0.053075
ਲ 0.514220 0.429315 0.066138 0.050099
ਗ 0.603175 0.433036 0.064153 0.056548
ਰੁੱ 0.664187 0.431796 0.050595 0.081349
ਪ 0.713790 0.430928 0.059854 0.052331
4 0.135582 0.520833 0.064153 0.070933
ਸਾ 0.283565 0.526414 0.086310 0.062748
ਇੰ 0.376323 0.513021 0.087963 0.091022
ਸ 0.453373 0.525670 0.066138 0.061260
ਗ 0.545800 0.525050 0.072421 0.065476
ਰੁੱ 0.615575 0.524058 0.057870 0.093750
ਪ 0.675430 0.526414 0.074405 0.062748
( 0.173776 0.619420 0.039352 0.054315
ੳ 0.210979 0.609127 0.049603 0.057044
) 0.249008 0.616319 0.030423 0.060516
ਮੈ 0.299603 0.608383 0.037698 0.057044
ਡੀ 0.346065 0.610491 0.053241 0.057292
ਕ 0.391865 0.614583 0.040344 0.046131
ਲ 0.434193 0.611111 0.044312 0.040675
( 0.483796 0.613219 0.021825 0.055804
ਅ 0.518188 0.614335 0.048942 0.038690
)0.556713 0.613963 0.026786 0.059772
ਨਾ 0.611938 0.617063 0.052579 0.045635
ਨ 0.656085 0.613963 0.035714 0.043403
- 0.690476 0.614583 0.035053 0.019841
ਮੈ 0.723380 0.609127 0.045966 0.058532
ਡੀ 0.769345 0.606027 0.043981 0.057788
ਕ 0.813161 0.616443 0.035714 0.039931
ਲ 0.854001 0.613963 0.045966 0.043403
5 0.087798 0.726935 0.081019 0.090278
ਐ 0.254134 0.713542 0.091601 0.122520
ਗ 0.340774 0.728299 0.074405 0.083581
ਰੀ 0.431878 0.717634 0.098545 0.114335
ਕ 0.513228 0.726935 0.082672 0.086310
ਲ 0.592097 0.728299 0.081019 0.076637
ਚ 0.663029 0.727183 0.073413 0.085317
ਰ  0.739583 0.725570 0.078373 0.086062
ਗ 0.839286 0.727307 0.084656 0.075645
ਰੁੱ 0.916501 0.720734 0.069775 0.135913
6 0.039187 0.905630 0.073743 0.119792
ਹੋ 0.213294 0.879216 0.080026 0.143849
ਮ 0.299272 0.899182 0.099206 0.109375
ਸਾ 0.441964 0.895709 0.112765 0.106895
ਇੰ 0.565972 0.877480 0.116733 0.143353
ਸ 0.663690 0.892609 0.089947 0.106151