ਖਾ 0.169312 0.133309 0.097222 0.093006
ਣਾ 0.268519 0.135665 0.105159 0.097718
ਪ 0.381118 0.136533 0.070437 0.090030
ਕਾ 0.459656 0.137277 0.095238 0.094494
ਉ 0.544478 0.133309 0.078373 0.142609
ਣ 0.618882 0.138889 0.074405 0.097718
ਵਾ 0.731481 0.137277 0.093254 0.097470
ਲੇ 0.822421 0.117063 0.084656 0.122520
ਕੁੱ 0.251984 0.277530 0.084656 0.136409
ਕਾਂ 0.340939 0.269717 0.101190 0.105407
ਦਾ 0.462798 0.281498 0.101521 0.088294
ਵੇ 0.574405 0.271453 0.068122 0.117808
ਰ 0.637401 0.282986 0.061839 0.088294
ਵਾ 0.712963 0.279886 0.097222 0.091518
ਜ 0.187831 0.405506 0.068122 0.060516
ਗ 0.252976 0.403894 0.066138 0.066716
ਤਾ 0.327381 0.403150 0.078704 0.068204
ਰ 0.397817 0.404638 0.066138 0.068204
ਸਿੰ 0.503142 0.396825 0.090939 0.086806
ਘ 0.580522 0.410838 0.076389 0.065228
ਪ 0.197090 0.516989 0.066138 0.057292
ਰ 0.255126 0.515501 0.053902 0.060268
ਮਿੰ 0.325397 0.507688 0.082672 0.085317
ਦ 0.392526 0.517857 0.060185 0.059028
ਰ 0.450397 0.518601 0.060185 0.063492
ਕੌ 0.536045 0.509301 0.066138 0.079117
ਰ 0.600198 0.520089 0.066138 0.063492
ਰ 0.200231 0.620908 0.059854 0.060268
ਵਿੰ 0.272652 0.613095 0.076389 0.072917
ਦ 0.336806 0.623264 0.059854 0.062004
ਰ 0.398644 0.622520 0.059854 0.063492
ਕੌ 0.475198 0.613963 0.068122 0.080605
ਰ 0.539352 0.625620 0.064153 0.057292
ਚ 0.211640 0.723214 0.062169 0.057540
ਰ 0.264385 0.725446 0.051918 0.062004
ਨ 0.315972 0.724826 0.055886 0.054315
ਜੀ 0.382110 0.715526 0.076389 0.072917
ਤ 0.451389 0.725570 0.066138 0.055804
ਕੌ 0.538360 0.720114 0.066138 0.079117
ਰ 0.597057 0.733383 0.059854 0.062004
ਸ 0.184358 0.800595 0.029431 0.026786
ਰ 0.210483 0.801711 0.022817 0.029018
ਕਾ 0.239087 0.799603 0.037698 0.030258
ਰੀ 0.276124 0.800223 0.035053 0.032986
ਸੀ 0.324901 0.800595 0.036706 0.032242
ਨੀ 0.359292 0.801339 0.037368 0.032242
ਅ 0.393353 0.804688 0.034061 0.025546
ਰ 0.424438 0.804439 0.026786 0.026042
ਸੈ 0.461640 0.800967 0.025794 0.032986
ਕੰ 0.487765 0.804439 0.028439 0.035962
ਡ 0.512731 0.807912 0.026786 0.023562
ਰੀ 0.545304 0.805060 0.037037 0.031746
( 0.585317 0.809896 0.019180 0.032986
ਕੰ 0.606812 0.807540 0.033069 0.033730
ਨਿ 0.640377 0.806796 0.036045 0.033730
ਆ 0.679894 0.810888 0.048942 0.025546
) 0.710152 0.812748 0.017526 0.030258
ਸ 0.744544 0.815476 0.027447 0.026290
ਕੂ 0.772652 0.817460 0.028770 0.037202
ਲ 0.803902 0.816096 0.037698 0.027530
ਰੁ 0.288525 0.838170 0.026786 0.029018
ਪਾ 0.317460 0.838542 0.035053 0.028274
ਣਾ 0.355985 0.838790 0.038690 0.024802
( 0.395503 0.840898 0.016534 0.035962
ਸ੍ਰੀ 0.422288 0.841022 0.040344 0.037202
ਮੁ 0.465939 0.844122 0.028439 0.031002
ਕ 0.493882 0.843006 0.027447 0.024802
ਤ 0.518684 0.842634 0.024140 0.025546
ਸ 0.542989 0.843750 0.026455 0.026290
ਰ 0.569610 0.843626 0.026786 0.029018
ਸਾ 0.610946 0.844742 0.039352 0.022817
ਹਿ 0.648148 0.843254 0.035053 0.033730
ਬ 0.678406 0.847470 0.027447 0.025298
) 0.700066 0.847594 0.015873 0.031002