ਮਿ 0.217758 0.119420 0.074405 0.102431
ਡ 0.275628 0.129588 0.057870 0.079117
- 0.324405 0.129464 0.047619 0.023313
ਡੇ 0.371858 0.112475 0.059854 0.103919
- 0.420470 0.127976 0.053902 0.026290
ਮੀ 0.479332 0.111731 0.076389 0.105407
ਲ 0.547619 0.120908 0.064153 0.080605
ਦਾ 0.642692 0.119420 0.088955 0.077629
ਮੀ 0.742725 0.102431 0.082672 0.108631
ਨੂੰ 0.820271 0.116319 0.059854 0.139385
ਚਾ 0.207011 0.231151 0.048280 0.049603
ਵ 0.245370 0.226438 0.028439 0.045635
ਲ 0.277447 0.227059 0.035714 0.045387
ਪ੍ਰ 0.321594 0.233631 0.032077 0.050099
ਤੀ 0.359788 0.220238 0.044312 0.055060
ਵਿ 0.417163 0.219122 0.046627 0.055804
ਦਿ 0.462136 0.218502 0.043320 0.058532
: 0.497024 0.227679 0.021164 0.037202
1 0.532573 0.222222 0.020172 0.044147
5 0.559524 0.221974 0.033730 0.046131
0 0.591766 0.223338 0.034061 0.043403
ਗ੍ਰਾ 0.645833 0.227803 0.046958 0.059276
ਮ 0.688657 0.221230 0.036706 0.047619
ਕ 0.210979 0.305928 0.033069 0.037946
ਣ 0.240741 0.303323 0.028439 0.040675
ਕ 0.271495 0.305680 0.035053 0.039931
ਪ੍ਰ 0.314319 0.309772 0.036045 0.049603
ਤੀ 0.353340 0.297371 0.045966 0.055060
ਵਿ 0.409888 0.298487 0.043320 0.055804
ਦਿ 0.451720 0.298115 0.049603 0.055060
: 0.486442 0.307416 0.018519 0.032490
1 0.522321 0.301835 0.022156 0.044643
0 0.549934 0.303571 0.031085 0.041171
5 0.578373 0.302455 0.033069 0.043403
ਗ੍ਰਾ 0.632110 0.309400 0.048611 0.051835
ਮ 0.673446 0.300471 0.034061 0.043403
ਕੁੱ 0.216435 0.380332 0.038690 0.062748
ਲ 0.250992 0.381448 0.037698 0.037202
ਖ 0.292659 0.382440 0.033069 0.040675
ਰ 0.320271 0.380084 0.025463 0.039931
ਚ 0.347884 0.379340 0.033069 0.041419
ਪ੍ਰ 0.392857 0.389385 0.035053 0.053075
ਤੀ 0.430060 0.374628 0.043320 0.052331
ਵਿ 0.486111 0.375992 0.044974 0.055060
ਦਿ 0.528770 0.375248 0.045635 0.053571
: 0.562169 0.384549 0.021164 0.034970
6 0.602183 0.381820 0.035053 0.043403
ਰੁ 0.648313 0.387277 0.036706 0.048859
: 0.676091 0.383557 0.017526 0.032986
1 0.711640 0.380332 0.023810 0.044891
8 0.741898 0.377976 0.031415 0.044147
ਪੈ 0.786541 0.373140 0.034061 0.055308
ਸੇ 0.821759 0.371404 0.035053 0.055804
ਸੋ 0.228836 0.484127 0.035714 0.055060
ਮ 0.261409 0.491691 0.029431 0.041419
ਵਾ 0.296296 0.490327 0.040344 0.042659
ਰ 0.330853 0.493056 0.036045 0.041171
: 0.410714 0.497520 0.015873 0.035218
ਦਾ 0.451720 0.494792 0.042328 0.044643
ਲ 0.492063 0.495164 0.035053 0.039931
ਰੋ 0.535714 0.487599 0.030423 0.056548
ਟੀ 0.573413 0.491319 0.044974 0.051587
ਮੰ 0.234292 0.559152 0.034061 0.048363
ਗ 0.265708 0.565352 0.034061 0.039931
ਲ 0.299272 0.566344 0.033069 0.036458
ਵਾ 0.333168 0.566716 0.038690 0.041171
ਰ 0.369378 0.568080 0.032407 0.039931
: 0.412202 0.571553 0.020172 0.032986
ਖਿ 0.452050 0.564236 0.042989 0.053075
ਚ 0.488261 0.569444 0.029431 0.038690
ੜੀ 0.523810 0.565724 0.044974 0.046131
, 0.571925 0.590526 0.020172 0.024306
ਖੀ 0.616402 0.566096 0.044974 0.053819
ਰ 0.657903 0.572669 0.032077 0.040675
ਬੁੱ 0.238095 0.635293 0.037698 0.057292
ਧ 0.268022 0.637649 0.029431 0.037202
ਵਾ 0.301422 0.635293 0.039352 0.041915
ਰ 0.335483 0.638393 0.034061 0.042659
: 0.413525 0.643973 0.015542 0.032986
ਰੋ 0.447421 0.634921 0.026455 0.053571
ਟੀ 0.481481 0.637773 0.042989 0.046875
, 0.510747 0.661458 0.017526 0.021329
ਕਾ 0.555721 0.644221 0.041336 0.044891
ਲੇ 0.597222 0.639509 0.035714 0.050347
ਛੋ  0.642692 0.640129 0.031415 0.053075
ਲੇ 0.676587 0.642485 0.035053 0.050843
ਸ 0.720238 0.649802 0.035714 0.039187
ਬ 0.752315 0.651786 0.028439 0.040675
ਜੀ 0.787864 0.645709 0.045966 0.048859
ਵੀ 0.250000 0.701141 0.042989 0.048115
ਰ 0.282573 0.705481 0.029431 0.037946
ਵਾ 0.315146 0.707589 0.039683 0.039187
ਰ 0.349206 0.706969 0.032407 0.041915
:0.412698 0.712054 0.021164 0.030258
ਕ 0.450562 0.712550 0.029431 0.040675
ੜੀ 0.486938 0.710069 0.041336 0.049603
ਚਾ 0.541667 0.714534 0.040344 0.040675
ਵ 0.575562 0.716270 0.027447 0.038690
ਲ 0.609623 0.718006 0.034722 0.039187
ਸ਼ੁੱ 0.250496 0.769221 0.031415 0.052331
ਕ 0.277116 0.773810 0.033069 0.035218
ਰ 0.307044 0.774058 0.024802 0.037202
ਵਾ 0.337302 0.774430 0.037698 0.036458
ਰ 0.368056 0.775422 0.031085 0.041419
: 0.413856 0.781622 0.020172 0.027530
ਸ 0.448909 0.782490 0.031415 0.037202
ਬ 0.476852 0.782118 0.026455 0.037946
ਜੀ 0.512235 0.778646 0.042328 0.048859
ਰੋ 0.559524 0.778274 0.028439 0.048115
ਟੀ 0.593915 0.782366 0.042328 0.046875
 ਸ਼ 0.250992 0.837054 0.030423 0.033730
ਨੀ 0.285880 0.833333 0.039352 0.049603
ਵਾ 0.323082 0.838914 0.040344 0.038442
ਰ 0.356978 0.841890 0.031415 0.037946
: 0.417163 0.848834 0.019511 0.032490
ਦਾ 0.455853 0.845734 0.041336 0.037202
ਲ 0.492890 0.847470 0.036706 0.037698
ਚਾ 0.539187 0.851314 0.041336 0.035962
ਵ 0.573743 0.852307 0.025794 0.036458
ਲ 0.604497 0.854043 0.039683 0.035962
ਸ 0.244874 0.909102 0.029431 0.027530
ਰ 0.267692 0.909598 0.019511 0.029514
ਕਾ 0.292163 0.912202 0.030754 0.030754
ਰੀ 0.321594 0.909226 0.029431 0.036706
ਸੀ 0.363095 0.913690 0.033069 0.036706
ਨੀ 0.393849 0.914187 0.031746 0.035714
ਅ 0.421958 0.919023 0.027116 0.028026
ਰ 0.446429 0.920387 0.021825 0.026290
ਸੈ 0.479167 0.917907 0.022487 0.037698
ਕੰ 0.502149 0.918527 0.026786 0.038938
ਡ 0.523313 0.924727 0.022817 0.026538
ਰੀ 0.550926 0.921999 0.032407 0.033978
( 0.584821 0.929563 0.018188 0.038194
ਕੰ 0.604663 0.925595 0.030093 0.036706
ਨਿ 0.632937 0.927579 0.031085 0.037698
ਆ 0.666997 0.931176 0.041667 0.029514
) 0.695437 0.933656 0.015212 0.040923
ਸ 0.723876 0.935144 0.024471 0.029018
ਕੂ 0.749008 0.940104 0.024471 0.039931
ਲ 0.775298 0.935392 0.034061 0.028522
ਰੁ 0.333168 0.956225 0.022156 0.032490
ਪਾ 0.358631 0.953497 0.028770 0.034474
ਣਾ  0.388889 0.956721 0.033069 0.028026
( 0.423776 0.961310 0.014881 0.037202
ਸ੍ਰੀ 0.445767 0.961062 0.034392 0.042163
ਮੁ 0.483466 0.965650 0.023810 0.034970
ਕ 0.505622 0.964286 0.023810 0.031250
ਤ 0.528770 0.966146 0.022487 0.026538
ਸ 0.550761 0.967262 0.021495 0.031746
ਰ 0.573247 0.967262 0.022156 0.029762
ਸਾ 0.608796 0.970858 0.033069 0.028026
ਹਿ 0.640542 0.967758 0.031746 0.038194
ਬ  0.667163 0.973214 0.022817 0.029762
) 0.686839 0.974082 0.015212 0.034474