ਥੇ 0.037089 0.601190 0.055825 0.235261
ਦੀ 0.108845 0.604308 0.068825 0.212018
ਰੇ 0.167474 0.616213 0.046393 0.197279
ਖਾ  0.223171 0.633787 0.067041 0.165533
ਮਿ 0.295437 0.625567 0.056589 0.178571
ਹ 0.340683 0.642290 0.035942 0.157596
ਨ 0.375605 0.647676 0.037981 0.151361
ਤ 0.412439 0.644274 0.032118 0.149093 
ਦੇ 0.449146 0.632937 0.037726 0.176304
ਪ 0.488912 0.649660 0.039765 0.142857
ਸੀ 0.530844 0.638322 0.042569 0.170068
ਨੇ 0.568188 0.631803 0.035687 0.178571
ਨਾ 0.610630 0.658163 0.049197 0.125850
ਲ  0.655111 0.659014 0.037726 0.124150
ਮਿ 0.696661 0.644558 0.043334 0.153061
ਟਾ 0.733495 0.665533 0.033903 0.128118
ਈ 0.764084 0.654762 0.038491 0.153061
ਜਾ 0.805633 0.664399 0.040530 0.117914
ਸ 0.847183 0.670635 0.034922 0.113379
ਕ 0.875988 0.671769 0.030334 0.115646
ਦੀ 0.902880 0.664399 0.035177 0.138322
ਹੈ 0.935509 0.652778 0.032118 0.141156
। 0.958578 0.671769 0.018098 0.111111