ਸ਼ 0.452577 0.195600 0.070503 0.064313
ਬ 0.519444 0.199710 0.063231 0.065764
ਦ 0.586152 0.198380 0.073980 0.060203
ਧ 0.138634 0.295817 0.026241 0.037959
ਨਾ 0.167562 0.294729 0.033512 0.037234
ਸ 0.194594 0.296059 0.022447 0.034574
ਰੀ 0.222574 0.292674 0.033512 0.044246
ਮ 0.258773 0.297147 0.026241 0.033849
ਹ 0.282327 0.297751 0.022763 0.037959
ਲਾ 0.310781 0.298960 0.036042 0.034574
5 0.351723 0.298477 0.024344 0.036509
॥ 0.380651 0.302708 0.020866 0.032398
ਜੋ 0.135473 0.355174 0.032564 0.047872
ਮਾਂ 0.175150 0.358559 0.036042 0.042070
ਗ 0.204711 0.360735 0.026241 0.035300
ਹਿ 0.234745 0.355899 0.032564 0.046422
ਠਾ 0.276952 0.361702 0.031616 0.035783
ਕੁ 0.303509 0.365208 0.025292 0.041344
ਰ 0.329276 0.362427 0.026241 0.035783
ਅ 0.362156 0.363757 0.030667 0.036025
ਪੁ 0.388397 0.367868 0.023712 0.042795
ਨੇ 0.412425 0.360010 0.026241 0.047872
ਤੇ 0.444515 0.360010 0.025292 0.043520
ਸੋ 0.478185 0.360977 0.024344 0.046905
ਈ 0.507113 0.362669 0.033512 0.043520
ਸੋ 0.544736 0.361702 0.025292 0.045455
ਈ 0.574138 0.362065 0.033512 0.044729
ਦੇ 0.609706 0.362669 0.023712 0.043520
ਵੈ 0.633260 0.362065 0.027189 0.050532
॥ 0.665191 0.369681 0.020866 0.036750
ਨਾ 0.132785 0.426741 0.034145 0.040135
ਨ 0.160765 0.426741 0.021815 0.037234
ਕ 0.186058 0.425290 0.028770 0.037234
ਦਾ 0.224470 0.426983 0.035409 0.035300
ਸੁ 0.256560 0.429400 0.028770 0.049807
ਮੁ 0.290389 0.432181 0.026241 0.045696
ਖ 0.315681 0.426983 0.028138 0.042070
ਤੇ 0.349984 0.422147 0.027822 0.044971
ਜੋ 0.384919 0.424323 0.030667 0.044971
ਬੋ 0.419538 0.424202 0.022763 0.047631
ਲੈ 0.443566 0.423235 0.029086 0.044246
ਈ 0.482770 0.425653 0.033512 0.040861
ਹਾ 0.515808 0.430126 0.034461 0.035783
ਊ 0.553746 0.432544 0.026873 0.057544
ਹਾ 0.582042 0.431818 0.031616 0.033849
ਸ 0.618242 0.432544 0.024344 0.038201
ਚੁ 0.642270 0.436654 0.028770 0.044971
ਹੋ 0.673727 0.426620 0.025292 0.044246
ਵੈ  0.696016 0.427345 0.024344 0.049565
॥ 0.731268 0.433632 0.018969 0.036025
ਜੋ 0.123301 0.489241 0.027822 0.049081
ਮਾਂ 0.165824 0.492988 0.035093 0.048356
ਗ 0.195068 0.495044 0.027189 0.039894
ਹਿ 0.226209 0.490571 0.036990 0.051741
ਠਾ 0.270155 0.496373 0.032564 0.037234
ਕੁ 0.300348 0.497099 0.025925 0.048356
ਰ 0.324850 0.494439 0.026241 0.037234
ਅ 0.359153 0.496373 0.031616 0.038685
ਪੁ 0.386658 0.498912 0.023396 0.046180
ਨੇ 0.410528 0.489241 0.028138 0.047631
ਤੇ 0.444357 0.490329 0.028770 0.048356
ਸੋ 0.478185 0.488878 0.026241 0.048356
ਈ 0.508536 0.491659 0.036358 0.044246
ਸੋ  0.545684 0.491900 0.027189 0.046180
ਈ 0.575877 0.492988 0.035093 0.045455
ਦੇ 0.611603 0.492384 0.030667 0.044246
ਵੈ 0.636737 0.490571 0.027189 0.048839
॥ 0.670724 0.497461 0.024344 0.037959
ਚ  0.114290 0.566248 0.028138 0.040135
ਤੁ 0.141322 0.568907 0.027822 0.049807
ਰ 0.167562 0.563830 0.029719 0.042070
ਦਿ 0.206291 0.559961 0.036990 0.051257
ਸਾ 0.244704 0.566610 0.039836 0.040861
ਕੀ 0.288966 0.559961 0.037939 0.049807
ਨੋ 0.320740 0.558994 0.028770 0.053191
ਬ 0.355517 0.565885 0.026241 0.040861
ਲੁ 0.381600 0.567215 0.029719 0.050290
ਅ 0.418116 0.564434 0.032564 0.040861
ਪ 0.444831 0.564918 0.022763 0.042795
ਨਾ 0.472020 0.564434 0.035409 0.040861
ਸਿ 0.514069 0.560687 0.037939 0.051257
ਰ 0.543313 0.563467 0.026241 0.037476
ਊ 0.579039 0.565522 0.028770 0.062379
ਪ 0.604173 0.565522 0.025292 0.040135
ਰਿ 0.632785 0.560082 0.036990 0.044246
ਕ 0.669301 0.566248 0.027189 0.038685
ਰੁ 0.693645 0.566852 0.025292 0.052466
ਧਾ 0.729845 0.566248 0.034461 0.037234
ਰਿ 0.764148 0.561412 0.034145 0.049807
ਓ 0.792128 0.559720 0.028770 0.053191
॥ 0.826431 0.567336 0.023396 0.037959
ਕ੍ਰਿ 0.118242 0.637693 0.037939 0.061654
ਪਾ 0.155390 0.636364 0.043313 0.040619
ਕ  0.194752 0.639507 0.029719 0.040135
ਟਾ 0.225261 0.634550 0.036990 0.045696
ਖ 0.255138 0.642892 0.031616 0.056576
ਅ 0.292602 0.638419 0.030667 0.044729
ਵ 0.321056 0.638056 0.026241 0.041586
ਲੋ 0.345084 0.630440 0.026873 0.052466
ਕ 0.370218 0.639749 0.025292 0.044971
ਨੁ 0.397091 0.640474 0.029719 0.050290
ਕੀ 0.436295 0.631044 0.034145 0.048356
ਨੋ 0.466488 0.629715 0.024344 0.052466
ਦਾ 0.505375 0.636605 0.036990 0.038685
ਸ 0.535093 0.634188 0.026241 0.043520
ਕਾ 0.575403 0.634671 0.039836 0.040135
ਦੂ 0.616978 0.643133 0.028770 0.053191
ਖੁ 0.642744 0.639144 0.029719 0.050532
ਬਿ 0.681948 0.631165 0.036042 0.056818
ਦਾ 0.714512 0.637331 0.032248 0.040135
ਰਿ 0.748814 0.631528 0.032564 0.053191
ਓ 0.777743 0.630077 0.029086 0.054642
॥ 0.813468 0.638056 0.020866 0.041586
ਜੋ 0.104331 0.707809 0.035409 0.053917
ਮਾਂ 0.148119 0.712041 0.036358 0.049807
ਗ 0.179734 0.713733 0.026873 0.040619
ਹਿ 0.211824 0.707809 0.037306 0.055368
ਠਾ 0.256560 0.712645 0.036358 0.044246
ਕੁ 0.287227 0.716393 0.026873 0.051741
ਰ  0.314417 0.713370 0.030667 0.039894
ਅ 0.349510 0.711557 0.032564 0.044971
ਪੁ  0.379861 0.715788 0.026241 0.054400
ਨੇ 0.403889 0.706117 0.030667 0.050532
ਤੇ 0.441353 0.704425 0.031616 0.053917
ਸੋ 0.477395 0.702974 0.027822 0.051015
ਈ 0.511224 0.704062 0.037939 0.050290
ਸੋ 0.550111 0.702249 0.025292 0.055368
ਈ 0.580778 0.703337 0.037939 0.051741
ਦੇ 0.620613 0.704666 0.029086 0.050532
ਵੈ 0.646854 0.702611 0.027189 0.053191
॥ 0.683844 0.708777 0.023396 0.039410
ਹ 0.092634 0.795575 0.031616 0.039894
ਰਿ 0.131363 0.789410 0.036990 0.059478
ਜ 0.169776 0.792795 0.029086 0.043037
ਨ 0.198230 0.790377 0.031616 0.042070
ਰਾ 0.238856 0.791707 0.035093 0.040861
ਖੇ  0.270629 0.783849 0.029719 0.055126
ਗੁ 0.307145 0.792070 0.030667 0.049807
ਰ 0.336390 0.787234 0.029719 0.041586
ਗੋ 0.373854 0.781673 0.030667 0.056576
ਵਿੰ 0.407366 0.782036 0.034461 0.058752
ਦ 0.437243 0.786871 0.034145 0.040861
॥ 0.475182 0.785542 0.023396 0.043520
ਰਾ 0.512646 0.786267 0.035093 0.040619
ਖੇ 0.543788 0.778651 0.029086 0.055851
ਗੁ 0.581252 0.789410 0.030035 0.049807
ਰ 0.608758 0.784212 0.030667 0.040861
ਗੋ 0.643218 0.779255 0.030667 0.054642
ਵਿੰ 0.675150 0.777200 0.035093 0.060203
ਦ 0.705501 0.784212 0.028770 0.040861
॥ 0.731268 0.784454 0.018969 0.042795
ਕੰ 0.089314 0.869802 0.030667 0.057302
ਠਿ 0.125040 0.869439 0.035093 0.056576
ਲਾ 0.172463 0.873308 0.041416 0.043520
ਇ 0.214512 0.866417 0.038887 0.060203
ਅ 0.257825 0.872945 0.035093 0.045696
ਵ 0.288018 0.867747 0.025292 0.047872
ਗੁ 0.314259 0.872220 0.027189 0.055368
ਣ 0.344610 0.867142 0.029719 0.047631
ਸ 0.379387 0.867021 0.029086 0.043520
ਭਿ  0.413690 0.860856 0.036358 0.055851
ਮੇ 0.454790 0.861944 0.030035 0.058027
ਟੇ 0.482770 0.860251 0.029719 0.053191
ਦ 0.520392 0.864724 0.027189 0.044246
ਇ 0.551059 0.856987 0.036042 0.055368
ਆ 0.587259 0.863999 0.043313 0.045696
ਲ 0.620929 0.862186 0.029719 0.046422
ਪੁ 0.657129 0.868472 0.030035 0.051741
ਰ 0.683844 0.861219 0.027189 0.045455
ਖ 0.708663 0.861460 0.030035 0.042070
ਬ 0.743440 0.864362 0.028770 0.044971
ਖ  0.768258 0.862307 0.027822 0.049081
ਸੰ 0.793234 0.857350 0.025292 0.061412
ਦ  0.816946 0.862548 0.029719 0.042795
॥ 0.854094 0.864966 0.024344 0.044729
 ਰ  0.886026 0.861460 0.030667 0.043520
ਹਾ 0.916535 0.861823 0.031616 0.045696
ਉ 0.947202 0.861823 0.033512 0.063588
॥ 0.981979 0.863274 0.025292 0.041344