ਹਾਂ 0.203227 0.054841 0.113971 0.091912
- 0.282475 0.060509 0.049428 0.029105
ਪੱ  0.345997 0.059743 0.094771 0.104779
ਖੀ 0.459967 0.056526 0.133170 0.085478
ਸੋ 0.602941 0.056373 0.092320 0.082108
ਚ 0.696283 0.057292 0.090278 0.071078
ਆ 0.190155 0.172641 0.135212 0.072610
ਲ੍ਹ 0.300858 0.176624 0.094363 0.100184
ਣੇ 0.380515 0.157935 0.086193 0.111213
' 0.453431 0.138634 0.034314 0.034007
ਚ 0.506332 0.167739 0.096814 0.075674
ਆ 0.625613 0.165288 0.124592 0.083640
ਈ 0.730801 0.158088 0.098856 0.094975
ਚਿ 0.182598 0.278952 0.107843 0.095282
ੜੀ 0.285743 0.280637 0.094363 0.094975
ਤੋਂ 0.392361 0.275735 0.079657 0.101716
ਬੋ 0.498570 0.273438 0.090278 0.093444
ਟ 0.581495 0.280637 0.079657 0.079044
ਨੈ  0.686683 0.272518 0.088235 0.098346
ਪੁੱ 0.768382 0.271752 0.071078 0.096814
ਛਿ 0.833946 0.266850 0.060049 0.093750
ਆ 0.894404 0.272518 0.073121 0.069547
ਮਾਂ 0.184641 0.395833 0.133170 0.087010
ਅ 0.343750 0.400735 0.124592 0.074142
ਸ 0.458946 0.398284 0.092729 0.075980
ਮਾ 0.566381 0.398284 0.113971 0.082108
ਨ 0.661969 0.395067 0.077206 0.078738
ਕਿੰ 0.768382 0.385417 0.105392 0.101716
ਨਾ 0.870711 0.403186 0.107435 0.094975
ਕੁ 0.168709 0.528186 0.109477 0.087010
ਵੱ 0.279412 0.508885 0.094771 0.109681
ਡਾ 0.379289 0.519148 0.113971 0.075674
ਹੈ 0.512663 0.500613 0.101307 0.112745
? 0.607230 0.523284 0.062500 0.093750
ਸੌਂ 0.194444 0.636183 0.109477 0.119179
ਜਾ 0.326797 0.649050 0.129085 0.080576
ਮੇ  0.481413 0.628830 0.103350 0.111213
ਰੇ  0.575980 0.630515 0.085784 0.111520
ਲਾ 0.710376 0.644301 0.135621 0.087010
ਲ 0.829657 0.638634 0.111928 0.085478
, 0.917892 0.668505 0.038399 0.025735
ਤੇ 0.141953 0.774816 0.090278 0.115809
ਰੇ 0.236315 0.767463 0.107435 0.117647
ਖੰ 0.368464 0.771599 0.105392 0.109375
ਭਾਂ 0.482639 0.776348 0.113971 0.099877
ਤੋਂ 0.613562 0.760263 0.088235 0.116115
ਬ 0.740605 0.771599 0.109477 0.080576
ਹੁ 0.832925 0.777267 0.088235 0.104779
ਤ 0.918096 0.771599 0.090278 0.093444
ਛੋ 0.158905 0.903799 0.102941 0.119485
ਟਾ 0.277165 0.907016 0.124592 0.093444
ਹੈ 0.405025 0.884498 0.100899 0.125613