ਗ 0.284278 0.366363 0.112736 0.114636
ਊ 0.394729 0.363222 0.095978 0.174309
ਸ਼ਾ 0.524223 0.342808 0.138635 0.120917
ਲਾ 0.697136 0.332601 0.198050 0.135050
ਗੁ 0.166971 0.527324 0.097502 0.128769
ਰੁ 0.250000 0.526539 0.074650 0.136621
ਨਾ 0.337599 0.508480 0.097502 0.116206
ਨ 0.419104 0.502984 0.068556 0.111495
ਕ 0.489183 0.491991 0.077697 0.120917
ਦ 0.572212 0.490421 0.073126 0.124058
ਰ 0.648385 0.483354 0.076173 0.119347
ਬਾ 0.742840 0.476288 0.118830 0.117776
ਰ 0.847959 0.470791 0.091408 0.122487
ਪਿੰ 0.269805 0.619190 0.053321 0.102073
ਡ 0.313985 0.621545 0.041133 0.081658
ਝਾਂ 0.368068 0.622330 0.051798 0.105214
ਡੇ 0.486898 0.627041 0.042657 0.108354
ਲੁ 0.537934 0.608197 0.059415 0.114636
ਧਿ 0.610299 0.610553 0.088361 0.097362
ਆ 0.687233 0.605842 0.068556 0.097362
ਣਾ  0.138787 0.747173 0.038087 0.100503
ਗੁ 0.174589 0.750314 0.036563 0.116206
ਰੂ 0.212675 0.739322 0.042657 0.119347
ਸੰ 0.246953 0.739322 0.038087 0.087940
ਗ 0.288087 0.732255 0.044180 0.092651
ਤਾਂ 0.329982 0.729899 0.033516 0.103643
ਦੇ 0.370353 0.735396 0.050274 0.089510
ਦਾ 0.413010 0.734611 0.044180 0.097362
ਸ 0.442718 0.728329 0.015235 0.043970
ਸੰ 0.472425 0.726759 0.044180 0.103643
ਤ 0.508227 0.733825 0.030469 0.098932
ਰਾ 0.550122 0.732255 0.050274 0.092651
ਮ 0.592779 0.736966 0.047227 0.102073
ਪਾ 0.642291 0.728329 0.060938 0.103643
ਲ  0.694851 0.725188 0.050274 0.097362
ਸਿੰ 0.755027 0.717337 0.057892 0.122487
ਘ 0.806825 0.728329 0.057892 0.097362
ਜੀ 0.864717 0.714981 0.051798 0.127198