ਮ 0.319444 0.154262 0.096491 0.094764
ਨੁੱ 0.421418 0.148853 0.085526 0.142795
ਖ 0.502924 0.149070 0.080409 0.097360
ਤਾ 0.603436 0.144959 0.113304 0.096928
ਦੀ 0.722222 0.133059 0.099415 0.117265
ਸੇ 0.800804 0.129165 0.076754 0.122458
ਵਾ 0.868421 0.136737 0.065789 0.096928
ਸੱ 0.373173 0.261575 0.082602 0.080917
ਭ 0.442251 0.264604 0.062865 0.068801
ਤੋਂ 0.536550 0.255950 0.070175 0.077456
ਵੱ 0.618056 0.255950 0.053363 0.080917
ਡੀ 0.681652 0.256383 0.086988 0.083514
ਸੇ 0.771930 0.253137 0.055556 0.084812
ਵਾ 0.848319 0.257681 0.078216 0.067936
ਸੁ 0.438231 0.354825 0.057749 0.056253
ਸਾ 0.510965 0.350714 0.071637 0.051493
ਇ 0.582968 0.345305 0.069444 0.068369
ਟੀ  0.653509 0.342925 0.071637 0.065340
( 0.707237 0.350714 0.038743 0.061013
ਰ 0.751096 0.353527 0.044591 0.038944
ਜਿ 0.809576 0.349849 0.062135 0.051493
: 0.845029 0.358070 0.024854 0.033319
) 0.871711 0.348550 0.040205 0.067071
ਪਿੰ 0.209795 0.413241 0.103801 0.057118
ਡ 0.302266 0.422328 0.086988 0.043271
ਹ 0.411915 0.419732 0.079678 0.042406
ਸ 0.495249 0.418866 0.086988 0.047598
ਨ 0.584430 0.415188 0.082602 0.049762
ਪੁ 0.671784 0.416703 0.076023 0.045002
ਰ 0.755848 0.413241 0.095029 0.042406
9 0.355994 0.489399 0.048246 0.043271
70.394006 0.487019 0.040936 0.051493
8 0.436769 0.487019 0.041667 0.048031
0 0.485015 0.489399 0.038743 0.041540
3 0.529605 0.483773 0.037281 0.048464
- 0.555921 0.487019 0.015351 0.018607
0 0.590278 0.486586 0.040205 0.048897
0 0.637427 0.488317 0.042398 0.047166
0 0.683480 0.483341 0.043860 0.047598
7 0.726974 0.485504 0.043129 0.045002
1 0.775219 0.485071 0.037281 0.044137
8 0.355994 0.552358 0.042398 0.046300
2 0.400585 0.552575 0.046784 0.042406
8 0.453216 0.553440 0.049708 0.042406
4 0.503655 0.553007 0.051170 0.043271
8 0.555921 0.553873 0.043129 0.045002
- 0.589912 0.552791 0.019006 0.019472
0 0.624269 0.551926 0.033626 0.041108
0 0.665570 0.552358 0.041667 0.038511
0 0.711257 0.551493 0.043860 0.041973
7 0.755482 0.551493 0.038743 0.038511
1 0.793129 0.551060 0.029240 0.045435