ਸ਼ 0.054191 0.307209 0.022569 0.036376
ਹੀ 0.077009 0.301422 0.021577 0.037368
ਦ 0.097718 0.304067 0.019841 0.036045
ਕ 0.118056 0.305225 0.020833 0.038360
ਰ 0.136533 0.303075 0.019097 0.034061
ਨ 0.152902 0.303075 0.020089 0.034061
ਲ 0.174975 0.299769 0.022569 0.034061
ਹ 0.199777 0.302414 0.020585 0.030754
ਰ 0.219370 0.300761 0.018601 0.034061
ਚ 0.237723 0.300761 0.021577 0.034061
ਰ 0.258929 0.300265 0.019345 0.035053
ਨ 0.278646 0.300926 0.021577 0.036376
ਸਿੰ 0.305680 0.298776 0.028026 0.042659
ਘ 0.330977 0.299272 0.025546 0.033069
ਸੇ 0.357763 0.296462 0.020089 0.042659
ਖੋਂ 0.378224 0.296958 0.022321 0.041667
ਯਾ 0.404142 0.298280 0.026538 0.033069
ਦ 0.425719 0.298115 0.020089 0.039352
ਗਾ 0.447793 0.297619 0.027034 0.034392
ਰੀ 0.472594 0.294478 0.025546 0.040675
ਸ 0.496528 0.296627 0.020833 0.036376
ਰ 0.515005 0.294312 0.017609 0.036376
ਕਾ 0.534970 0.295470 0.025794 0.038690
ਰੀ 0.558532 0.291336 0.024802 0.038360
ਸੀ 0.585813 0.289517 0.024802 0.037368
ਨੀ 0.608879 0.290013 0.024802 0.038360
. 0.622272 0.300761 0.007937 0.016865
ਸੈ 0.634921 0.286376 0.020833 0.041667
ਕੰ 0.654638 0.288029 0.020089 0.040344
. 0.665427 0.300265 0.009425 0.017857
ਸ 0.679812 0.290179 0.019345 0.036045
ਕੂ 0.701017 0.292824 0.018601 0.043981
ਲ 0.719370 0.289021 0.020089 0.048942
ਦਾ 0.744668 0.288029 0.030506 0.034392
ਖਾ 0.773313 0.283069 0.028770 0.033069
ਖੇ 0.170635 0.356812 0.074405 0.086640
ਡ 0.240451 0.357308 0.067212 0.068452
ਮੈ 0.312996 0.356151 0.069444 0.085317
ਦਾ 0.396205 0.354663 0.093502 0.073743
ਨ 0.475446 0.355820 0.067956 0.071429
ਦਾ 0.566220 0.352679 0.099206 0.067130
ਖਾ 0.668155 0.348876 0.103175 0.068122