ਜਾ 0.054812 0.199735 0.086310 0.132275
ਤ 0.126736 0.194279 0.055556 0.130622
ਜ 0.197669 0.199074 0.055556 0.143519
ਨ 0.250248 0.195106 0.052083 0.135582
ਮ 0.311632 0.194279 0.070685 0.143188
ਤੇ 0.387277 0.178571 0.063740 0.174603
ਅ 0.474578 0.195933 0.080109 0.130622
ਸ 0.545387 0.196759 0.061508 0.148148
ਲ 0.608631 0.194279 0.062500 0.146495
ਨ 0.678323 0.191138 0.058036 0.136905
ਸ 0.735615 0.193618 0.052083 0.135251
ਲ 0.792907 0.187996 0.062500 0.143188
ਨੂੰ  0.862599 0.202216 0.058036 0.215939
ਕੋ 0.055308 0.377811 0.068452 0.170304
ਈ 0.128596 0.379464 0.082589 0.163690
ਕ 0.220734 0.396825 0.061508 0.132275
ਦੇ 0.283234 0.374669 0.065972 0.164021
ਨਾਂ 0.382440 0.384094 0.092262 0.154431
ਛਾ 0.492312 0.389716 0.087302 0.130622
ਣੇ 0.573165 0.372189 0.067460 0.171627
। 0.645833 0.399140 0.030754 0.140212
ਜ 0.060640 0.588955 0.067212 0.132275
ਦ 0.129836 0.586475 0.063740 0.127315
ਸੁੰ 0.210069 0.582507 0.068452 0.176257
ਦ 0.274430 0.587963 0.060268 0.124339
ਰ  0.328125 0.584160 0.056548 0.138558
ਤਾ 0.398438 0.588790 0.086062 0.129299
ਦ 0.478671 0.589616 0.062500 0.124339
ਰ 0.538938 0.587963 0.053075 0.136905
ਸ਼ 0.598586 0.588955 0.063740 0.132275
ਨ 0.660590 0.588790 0.067212 0.125992
ਦੇ 0.733879 0.573909 0.055556 0.168320
ਵੇ  0.792907 0.575397 0.064980 0.165344
ਸ 0.072545 0.776951 0.060268 0.118056
ਭ 0.133805 0.769841 0.057788 0.132275
ਕੋ 0.207713 0.757275 0.061260 0.166667
ਈ  0.277902 0.760417 0.079117 0.160384
ਆ 0.381820 0.775298 0.100446 0.118056
ਪ 0.462798 0.776124 0.061508 0.132275
ਣੀ 0.539559 0.766038 0.092014 0.143188
ਜਾ 0.647569 0.781746 0.086310 0.121032
ਣੇ 0.724454 0.769841 0.064980 0.157407
। 0.786458 0.785714 0.028274 0.128968
( 0.472222 0.898148 0.023810 0.074074
ਭਾ 0.505332 0.895833 0.035466 0.056878
ਈ 0.546007 0.891038 0.041419 0.072421
ਵੀ 0.598090 0.893519 0.041419 0.080026
ਰ 0.634053 0.896660 0.032986 0.061177
ਸਿੰ 0.684276 0.894345 0.046131 0.069114
ਘ 0.725570 0.900628 0.043899 0.059854
) 0.759301 0.902116 0.016617 0.066138