ਨਾ 0.106316 0.238095 0.094907 0.060516
ਹੁ 0.201389 0.243428 0.062169 0.068204
ਣ 0.263393 0.239583 0.070437 0.057540
ਖੱ 0.351190 0.238839 0.072090 0.074405
ਡਾਂ 0.419312 0.238839 0.084656 0.062004
ਪੋ 0.524802 0.233383 0.068122 0.072917
ਹ 0.589947 0.238839 0.066138 0.062004
ਦੀ 0.693287 0.234127 0.086971 0.077381
ਆਂ 0.790344 0.241195 0.103175 0.066716
ਨਾ 0.113426 0.313120 0.084656 0.055804
ਧ 0.210648 0.312500 0.064153 0.063492
ਮ 0.272652 0.312500 0.063823 0.060516
ਕੀ 0.342923 0.307788 0.088624 0.069940
ਕਾ 0.453373 0.313988 0.082672 0.054067
ਈ 0.537202 0.306176 0.088955 0.066716
, 0.604332 0.328745 0.041336 0.033978
ਨਾ 0.117560 0.379836 0.088955 0.055804
ਤ 0.213790 0.385293 0.057870 0.060268
ਲ 0.275794 0.382192 0.062169 0.060516
ਵਾ 0.345073 0.384425 0.072421 0.062004
ਰਾਂ 0.421462 0.379092 0.092923 0.063740
ਨੰ 0.518519 0.379092 0.064153 0.066716
ਗੀ 0.601356 0.377480 0.088955 0.075893
ਆਂ 0.693287 0.379092 0.107474 0.066716
, 0.758267 0.403894 0.031085 0.038938
ਨਾ 0.114583 0.452753 0.094907 0.058780
ਚੇ 0.217923 0.443452 0.062169 0.064980
ਹ 0.282903 0.450397 0.055886 0.057540
ਰਾ 0.348049 0.450397 0.078373 0.054067
ਸੂ 0.454530 0.460441 0.068452 0.068204
ਹਾ 0.522817 0.451141 0.084656 0.062004
, 0.584656 0.474330 0.031085 0.031002
ਹਿੱ 0.127976 0.510045 0.084656 0.068204
ਕ 0.194114 0.520833 0.068122 0.062004
ਬੁੱ 0.279927 0.516989 0.057870 0.079117
ਢੇ 0.336640 0.519345 0.064153 0.071429
ਦੀ 0.443287 0.520833 0.090939 0.062004
ਚੀ 0.551587 0.519345 0.080688 0.071429
ਰ 0.626157 0.524802 0.072421 0.054067
ਕੇ 0.719081 0.521701 0.076389 0.069692
ਤੇ 0.112434 0.581473 0.053571 0.068204
ਰੀ 0.178571 0.578993 0.082672 0.069692
ਸ 0.272652 0.588418 0.063823 0.057292
ਰ 0.330522 0.588418 0.063823 0.057292
ਵਾ 0.390542 0.588294 0.068122 0.060516
ਹੀ 0.465939 0.585938 0.082672 0.068204
, 0.525794 0.602307 0.033069 0.035466
ਲੱ 0.115575 0.647197 0.068452 0.066716
ਭੇ 0.174438 0.647321 0.057870 0.063492
ਗੀ 0.253968 0.648810 0.097222 0.066468
ਹੁ 0.356316 0.661954 0.061839 0.062004
ਣ 0.414187 0.657242 0.061839 0.062004
ਸੋ 0.493717 0.651910 0.064153 0.072669
ਹ 0.553737 0.656498 0.055886 0.060516
ਣਿ 0.622024 0.653522 0.080688 0.075893
ਆਂ 0.709821 0.660342 0.111442 0.055804
ਕਿੱ 0.137235 0.710813 0.078704 0.072917
ਲੀ 0.216766 0.715526 0.088955 0.063492
ਦਾ 0.327381 0.723214 0.095238 0.060516
ਬੂ 0.436839 0.731027 0.066138 0.069692
ਹਾ 0.501984 0.721726 0.080688 0.060516
। 0.580688 0.725570 0.035053 0.052827
( 0.608466 0.779018 0.029101 0.054067
ਪ੍ਰੋ 0.643684 0.776662 0.045304 0.065228
: 0.672784 0.780258 0.020172 0.028770
ਮੋ 0.701554 0.772197 0.039352 0.054315
ਹ 0.740245 0.777902 0.043320 0.042907
ਨ 0.786045 0.779390 0.048280 0.039931
ਸਿੰ 0.851521 0.775546 0.052249 0.047619
ਘ 0.904927 0.780754 0.057209 0.039187
) 0.947586 0.782118 0.028108 0.055308