ਸੋ 0.069732 0.607044 0.060281 0.130812
ਕਿ 0.137548 0.603921 0.061558 0.130812
ਉ 0.194508 0.610340 0.049808 0.156142
ਮੰ 0.250702 0.591256 0.053384 0.149896
ਦਾ 0.311750 0.607044 0.070754 0.114851
ਆ 0.388378 0.592124 0.087101 0.125954
ਖੀ 0.466794 0.576336 0.074330 0.160999
ਐ 0.539847 0.566794 0.078927 0.151631
ਜਿ 0.632184 0.566794 0.077650 0.151631
ਤੁ 0.706003 0.582582 0.072031 0.157529
ਜੰ 0.789527 0.556558 0.062835 0.172103
ਮ 0.855045 0.558987 0.070754 0.122831
ਹਿ 0.942784 0.539903 0.097573 0.179736