ਐ 0.289850 0.306461 0.083930 0.079059
ਮ 0.352635 0.318362 0.054652 0.055256
ਰ 0.399480 0.316945 0.042941 0.058090
ਜੈਂ 0.445999 0.306744 0.052700 0.081326
ਸੀ 0.505856 0.303060 0.080026 0.084160
ਟੈ 0.577098 0.303485 0.054652 0.085010
ਲੀ 0.643136 0.303485 0.083930 0.082176
ਫੋ 0.709499 0.300935 0.056604 0.079909
ਫੋ 0.766753 0.309153 0.068315 0.058940
ਨੰ 0.846779 0.301927 0.073520 0.069991
: 0.902082 0.314253 0.034483 0.033437
ਫਾ 0.297007 0.400397 0.083930 0.052139
ਇ 0.377358 0.391187 0.066363 0.073959
ਰ 0.436565 0.399688 0.058556 0.058090
ਬ੍ਰਿ 0.522772 0.397421 0.083930 0.088127
ਗੇ 0.591737 0.390054 0.073520 0.071692
ਡ 0.653221 0.397138 0.059857 0.055823
- 0.700390 0.398271 0.034483 0.017852
1 0.730319 0.394163 0.029278 0.051573
0 0.774561 0.394871 0.063110 0.051289
2 0.845804 0.393738 0.075472 0.055256
ਐਂ 0.319453 0.468688 0.087183 0.069141
ਬੂ 0.383214 0.483140 0.054652 0.065741
ਲੈਂ 0.438517 0.465004 0.065062 0.075375
ਸ 0.501627 0.475489 0.068966 0.054406
- 0.583604 0.476481 0.054652 0.017852
1 0.715680 0.474214 0.037736 0.053556
0 0.764151 0.474355 0.056604 0.052139
8 0.829213 0.471238 0.073520 0.047606
ਪੁ 0.342225 0.557807 0.085882 0.064324
ਲਿ 0.429733 0.543213 0.099545 0.063474
ਸ 0.520494 0.547747 0.096291 0.049872
- 0.594990 0.548739 0.056604 0.017852
1 0.707222 0.549589 0.037736 0.049022
0 0.756018 0.548739 0.059857 0.046189
0 0.824333 0.547747 0.076773 0.051573
ਹ 0.344828 0.620856 0.063761 0.042505
ਸ 0.410865 0.620856 0.061809 0.049872
ਪ 0.471698 0.621139 0.059857 0.052139
ਤਾ 0.537736 0.620431 0.068315 0.049022
ਲ 0.607677 0.620856 0.075472 0.051573
ਮੈ 0.681197 0.609946 0.065062 0.069991
ਡੀ 0.748211 0.609238 0.071568 0.071408
ਕ 0.810670 0.618164 0.059857 0.049022
ਲ 0.876383 0.619014 0.081978 0.050723
ਅ 0.380937 0.690989 0.104750 0.041088
ਫ 0.459011 0.688297 0.061809 0.047606
ਸ 0.526350 0.689005 0.070267 0.046189
ਰ 0.602798 0.687872 0.078725 0.050156
ਸ 0.361093 0.755738 0.065062 0.045339
: 0.405660 0.762114 0.030579 0.025220
ਭੁ 0.451204 0.761264 0.067014 0.058090
ਪਿੰ 0.528302 0.751629 0.087183 0.074525
ਦ 0.599870 0.758430 0.070267 0.046189
ਰ 0.668510 0.756163 0.080026 0.047889
ਸਿੰ 0.784971 0.749787 0.080026 0.072542
ਘ 0.871503 0.758430 0.099545 0.046189
9 0.441770 0.824738 0.054652 0.047889
8 0.498048 0.821054 0.057905 0.041655
5 0.546845 0.823321 0.052700 0.043355
5 0.600846 0.822613 0.051399 0.044772
6 0.648666 0.823321 0.044242 0.043355
- 0.677944 0.821054 0.020820 0.010485
1 0.699414 0.824738 0.026025 0.041655
9 0.732596 0.824738 0.048146 0.041655
8 0.779766 0.825021 0.052700 0.043922
1 0.825309 0.825163 0.034483 0.047039
0 0.863045 0.825446 0.051399 0.044772