ਕਿ 0.101208 0.089286 0.188822 0.110119
ਤਾ 0.240559 0.102431 0.165408 0.074405
ਬਾਂ 0.391239 0.090030 0.155589 0.108631
ਖੁ 0.528323 0.110863 0.118580 0.110119
ਦ 0.627644 0.098462 0.108761 0.088294
ਚੁੱ 0.750378 0.099330 0.127644 0.117808
ਪ 0.873112 0.104787 0.146526 0.082093
ਰ 0.136707 0.280630 0.117825 0.077629
ਹਿੰ 0.278323 0.268229 0.174471 0.102431
ਦੀ 0.443353 0.268229 0.175227 0.102431
ਆਂ  0.648792 0.270585 0.235650 0.100694
ਨੇ 0.865937 0.266741 0.141239 0.093006
, 0.945997 0.324901 0.056647 0.035714
ਜਿ 0.273414 0.435764 0.155589 0.086806
ਸ 0.419940 0.444196 0.117825 0.063492
ਨੇ  0.540030 0.429439 0.122356 0.090030
ਪ 0.658233 0.446553 0.123112 0.065228
ੜ੍ਹ 0.804381 0.453497 0.160121 0.094494
ਲ 0.235650 0.588294 0.184290 0.060516
ਈ 0.388973 0.580605 0.141994 0.078869
ਆਂ 0.544940 0.580605 0.169940 0.078869
ਉ 0.684290 0.585193 0.108761 0.094494
ਸ 0.783233 0.588418 0.108761 0.054315
ਨੂੰ  0.880287 0.590774 0.094411 0.099206
ਬੋ 0.219033 0.717014 0.151057 0.094742
ਲ 0.362915 0.723958 0.165408 0.059028
ਣ 0.509441 0.726314 0.136707 0.060268
ਲਾ 0.703172 0.724826 0.231118 0.057292
ਦਿੰ 0.221299 0.851066 0.155589 0.068204
ਦੀ 0.363293 0.849578 0.146526 0.077629
ਆਂ 0.532855 0.844866 0.212236 0.077629
ਨੇ 0.717145 0.837178 0.156344 0.071181
। 0.820997 0.848710 0.080060 0.060516