ਮ 0.512401 0.235284 0.042659 0.067791
: 0.544271 0.237765 0.016617 0.053571
੧ 0.567336 0.232143 0.027034 0.054894
ਕੁੰ 0.254960 0.317295 0.047123 0.118056
ਭੇ 0.295015 0.310847 0.044891 0.102513
ਬ 0.409102 0.322751 0.048363 0.082011
ਧਾ 0.463418 0.323578 0.060268 0.092923
ਜ 0.579737 0.325728 0.044891 0.078704
ਲੁ 0.626860 0.325728 0.044891 0.103836
ਰ 0.732639 0.321098 0.041171 0.075397
ਹੈ 0.779266 0.306878 0.047123 0.103836
ਜ 0.254340 0.444775 0.048363 0.086640
ਲ 0.307540 0.440642 0.055556 0.084987
ਬਿ 0.409598 0.436177 0.063740 0.107143
ਨੁ 0.464534 0.452546 0.046131 0.092923
ਕੁੰ 0.538938 0.438327 0.043651 0.108796
ਭੁ 0.582713 0.448578 0.041419 0.097553
ਨ 0.665303 0.443122 0.050843 0.077381
ਹੋ 0.737971 0.428241 0.039931 0.094577
ਇ 0.788690 0.430556 0.061508 0.102513
॥  0.847842 0.433697 0.035466 0.083664
ਗਿ 0.276786 0.553406 0.074405 0.092923
ਆ 0.344618 0.560516 0.066220 0.091270
ਨ 0.400794 0.561177 0.048611 0.074074
ਕਾ 0.470362 0.559689 0.060268 0.073743
ਬ 0.547867 0.562004 0.047123 0.075728
ਧਾ 0.600322 0.559689 0.060268 0.083664
ਮ 0.672991 0.562004 0.047371 0.072421
ਨੁ 0.719742 0.563492 0.053075 0.091270
ਰ 0.781126 0.554233 0.041419 0.082011
ਹੈ 0.820561 0.543155 0.044891 0.097553
ਗੁ 0.264385 0.691964 0.063988 0.102183
ਰ 0.319320 0.680060 0.050843 0.088294
ਬਿ 0.395461 0.670635 0.059276 0.094577
ਨੁ 0.447421 0.686508 0.047123 0.091270
ਗਿ 0.523065 0.672288 0.068452 0.103836
ਆ 0.589162 0.681713 0.068700 0.084987
ਨੁ 0.643477 0.687169 0.042411 0.089947
ਨ 0.694320 0.676918 0.054315 0.078704
ਹੋ 0.749256 0.666005 0.043651 0.094577
ਇ 0.799479 0.662864 0.054315 0.097553
॥ 0.851935 0.675265 0.031746 0.078704
( 0.540799 0.788029 0.023562 0.083333
ਸ੍ਰੀ 0.573785 0.782407 0.035466 0.094577
ਗੁ 0.612227 0.783399 0.029514 0.074074
ਰੂ 0.639385 0.787202 0.027282 0.091601
ਨਾ 0.675471 0.779266 0.035466 0.072421
ਨ 0.705481 0.773810 0.027034 0.074074
ਕ 0.727927 0.766700 0.027282 0.059854
ਦੇ 0.765129 0.769180 0.025794 0.083333
ਵ 0.791791 0.778439 0.029514 0.070767
ਜੀ 0.830109 0.767526 0.037698 0.080026
) 0.860739 0.776124 0.023562 0.082011