ਜਿ 0.127976 0.337632 0.053075 0.086640
ਸ 0.169891 0.343089 0.033234 0.072421
ਨੂੰ 0.211806 0.347884 0.036706 0.107143
ਵ 0.254340 0.345569 0.034474 0.070767
ਕ 0.287450 0.336806 0.034226 0.075728
ਤ 0.318700 0.336806 0.035218 0.075728
ਦੀ 0.367684 0.331184 0.048363 0.092923
ਕ 0.414435 0.341601 0.030754 0.066138
ਦ 0.442708 0.340112 0.033234 0.072421
ਰ 0.472222 0.338459 0.030754 0.072421
ਹੈ 0.511905 0.328208 0.034226 0.089616
, 0.537202 0.365906 0.018849 0.036045
ਸ 0.560888 0.340774 0.035466 0.073743
ਮ 0.594370 0.336971 0.036458 0.069444
ਝੋ 0.625744 0.325066 0.030754 0.089947
ਉ 0.668775 0.332837 0.038938 0.092923
ਹ 0.700149 0.339286 0.028274 0.074074
ਦੇ 0.730283 0.322586 0.034474 0.088294
ਹਿ 0.781126 0.321098 0.041419 0.082011
ਰ 0.815352 0.329034 0.027034 0.062831
ਦੇ 0.842510 0.321925 0.031746 0.083664
ਵਿੱ 0.889137 0.320271 0.037698 0.089616
ਚ 0.921627 0.329696 0.036706 0.061508
ਜ਼ 0.124380 0.445437 0.038938 0.069444
ਰੂ 0.160962 0.455688 0.036706 0.095899
ਰ 0.193576 0.443122 0.035466 0.074074
ਕੋ 0.238963 0.437665 0.031994 0.081680
ਈ 0.276786 0.435351 0.043651 0.080357
ਮ 0.316964 0.447751 0.034226 0.070767
ਨੋ 0.350570 0.430556 0.032986 0.083333
ਰ 0.380208 0.439980 0.030754 0.061177
ਥ 0.409598 0.439980 0.032986 0.073743
ਹੈ 0.446181 0.428075 0.030754 0.088294
ਤੇ 0.483383 0.429729 0.036706 0.081680
ਜਿ 0.531250 0.431217 0.040179 0.078704
ਸ 0.569072 0.432870 0.037946 0.069444
ਨੇ 0.617436 0.425761 0.035466 0.083664
ਜ਼ਿੰ 0.663690 0.427414 0.040179 0.089616
ਦ 0.697793 0.432209 0.032986 0.061508
ਗੀ 0.739087 0.421958 0.052083 0.078704
ਵਿੱ 0.794023 0.424934 0.041419 0.082011
ਚ 0.824777 0.432044 0.031994 0.067791
ਕੋ 0.867312 0.423446 0.034226 0.094246
ਈ 0.903274 0.424934 0.040179 0.094577
ਚੰ 0.124504 0.539187 0.034226 0.089616
ਗਾ 0.166915 0.543155 0.053075 0.069114
ਮ 0.219494 0.545470 0.035218 0.071098
ਨੋ 0.253844 0.531250 0.035466 0.092923
ਰ 0.286210 0.539187 0.036706 0.067791
ਥ 0.320561 0.538525 0.038938 0.084987
ਨ 0.360615 0.536872 0.034226 0.072421
ਹੀਂ 0.404266 0.528108 0.043651 0.086640
ਬ 0.446801 0.536045 0.031994 0.070767
ਣਾ 0.481027 0.532242 0.038938 0.072421
ਇ 0.515873 0.524140 0.040179 0.082011
ਆ 0.559648 0.531415 0.054315 0.061508
ਉ 0.616319 0.532903 0.037698 0.092923
ਹ 0.649926 0.528935 0.029514 0.069114
ਡਾ 0.698413 0.532077 0.041171 0.069444
ਵਾਂ 0.745040 0.524140 0.049603 0.082011
ਡੋ 0.799975 0.518022 0.031994 0.088294
ਲ 0.836558 0.525132 0.041171 0.061508
ਹੈ 0.880828 0.514716 0.035466 0.088294
, 0.911582 0.546296 0.021081 0.031746
ਹ 0.127356 0.643022 0.032986 0.067791
ਰ 0.165799 0.641534 0.038938 0.061508
ਬੁ 0.212302 0.645503 0.040179 0.082011
ਰਾ 0.256076 0.639220 0.047371 0.062831
ਈ 0.305804 0.632771 0.049603 0.084987
ਲ 0.362351 0.633763 0.040179 0.067791
ਈ 0.404390 0.625827 0.048363 0.077050
ਪ੍ਰੇ 0.457465 0.631283 0.036458 0.103836
ਰਿ 0.495288 0.619544 0.046131 0.077050
ਆ 0.540675 0.628142 0.061508 0.075728
ਜਾ 0.609747 0.634425 0.048363 0.072421
ਸ 0.658234 0.631283 0.036706 0.066138
ਕ 0.690724 0.628968 0.030754 0.067460
ਦਾ 0.727927 0.623347 0.048611 0.066138
ਹੈ 0.778770 0.616402 0.043651 0.086640
। 0.818204 0.622685 0.021329 0.064815
( 0.573785 0.710813 0.019097 0.058532
ਗੁ 0.596850 0.719577 0.031994 0.062831
ਰ 0.622644 0.710979 0.021577 0.050265
ਬ 0.643849 0.710979 0.022321 0.052249
ਖ਼ 0.664683 0.709987 0.020833 0.054233
ਸ਼ 0.686136 0.710979 0.025546 0.050265
ਸਿੰ 0.726562 0.701885 0.029514 0.061839
ਘ 0.752976 0.708995 0.031250 0.052249
‘ 0.775794 0.681713 0.011409 0.023479
ਪ੍ਰੀ 0.796255 0.706184 0.029514 0.070437
ਤ 0.821057 0.702877 0.021577 0.051257
ਲ 0.849330 0.704034 0.025546 0.050926
ੜੀ 0.877728 0.698247 0.031250 0.056548
' 0.897445 0.675265 0.011161 0.027778
) 0.914187 0.699239 0.014385 0.063161