ਮੈਂ  0.072457 0.118464 0.032782 0.065359
ਖੁ 0.101562 0.134191 0.022978 0.053513
ਸ਼ 0.122702 0.130515 0.022978 0.044526
ਹੋ 0.150123 0.124183 0.022059 0.061275
ਇ 0.173407 0.127655 0.022672 0.059232
ਆ 0.197304 0.133783 0.030637 0.049428
ਜ 0.229779 0.136029 0.021446 0.049837
ਦ 0.246477 0.136029 0.016238 0.049837
ਉ 0.274510 0.136642 0.020221 0.062500
ਹ 0.296262 0.137459 0.022059 0.046977
ਮੈ 0.328278 0.130515 0.022365 0.066585
ਨੂੰ 0.348958 0.143382 0.021446 0.074346
ਆ 0.385110 0.143791 0.034314 0.047386
ਖ 0.410846 0.141544 0.018995 0.051879
ਣ 0.428615 0.143995 0.016544 0.046977
ਲੱ 0.458640 0.140727 0.023897 0.059232
ਗੇ 0.481924 0.137868 0.021446 0.064951
, 0.497855 0.169118 0.006127 0.015523
ਭ 0.513940 0.146855 0.017463 0.045343
ਈ 0.535539 0.141136 0.025735 0.064134
ਯ 0.568168 0.150735 0.022978 0.053922
ਹੋ 0.587010 0.139706 0.017157 0.070261
ਵਾ 0.610294 0.148284 0.026348 0.046569
ਹ 0.632659 0.147672 0.019608 0.051062
ਦੇ 0.664369 0.143382 0.027267 0.059641
ਘ 0.700827 0.152982 0.026654 0.051879
ਰ 0.725950 0.148693 0.022365 0.049020
ਨੂੰ 0.759957 0.148693 0.027880 0.073529
ਚੱ 0.794884 0.148489 0.022365 0.056781
ਲੀ 0.822151 0.142565 0.032169 0.062908
ਏ 0.849571 0.144812 0.023284 0.058415
! 0.885570 0.153186 0.018076 0.067810
ਜ਼ 0.725643 0.213644 0.026042 0.045752
ਬੂ 0.751072 0.219158 0.023591 0.045343
ਰ 0.778033 0.213235 0.027880 0.040850
1 0.812347 0.211193 0.013787 0.040850
2 0.831955 0.214461 0.022978 0.041667
2 0.856158 0.210784 0.021140 0.045752
1 0.886183 0.215891 0.013787 0.044526
ਮੈ 0.384038 0.302696 0.083640 0.147876
ਥੋ 0.469822 0.305351 0.079350 0.153186
ਡਿ 0.571385 0.313930 0.106005 0.140114
ਸ 0.669884 0.328636 0.086703 0.103350
ਟ 0.759651 0.331087 0.083027 0.098448
ਚ 0.356771 0.530842 0.190870 0.200572
ਰ 0.553156 0.532884 0.166973 0.199755
ਚ 0.752604 0.539624 0.196998 0.205065
ਰ 0.251072 0.739992 0.051164 0.067402
ਣ 0.304228 0.740196 0.046569 0.067810
ਬੀ 0.365962 0.725694 0.076287 0.094363
ਰ 0.432292 0.737132 0.050858 0.069853
ਪੁ 0.493719 0.745098 0.052390 0.074346
ਰਾਂ 0.563419 0.731618 0.081495 0.082516
( 0.651042 0.736315 0.015931 0.080474
ਰੂ 0.671262 0.746936 0.023284 0.076389
ਰ 0.695619 0.739992 0.021752 0.062500
ਲ 0.723958 0.738562 0.029412 0.074346
ਪ 0.762561 0.741830 0.025735 0.062092
ਟਿ 0.794424 0.730801 0.031250 0.086601
ਆ 0.829810 0.735090 0.038909 0.072304
ਲਾ 0.870864 0.742443 0.038909 0.063317
) 0.903493 0.741013 0.015319 0.082516
ਗ 0.108609 0.847835 0.029718 0.051062
ਰ 0.135570 0.847222 0.019301 0.055556
ਮੀ 0.163143 0.836601 0.033395 0.080882
ਆਂ 0.202512 0.841095 0.045343 0.069444
: 0.234069 0.843954 0.011642 0.034314
9 0.259651 0.843750 0.022978 0.051062
: 0.277114 0.840278 0.008885 0.026961
0 0.294577 0.842729 0.025429 0.053922
0 0.321385 0.841095 0.023284 0.056373
ਵ 0.352022 0.851511 0.020833 0.030637
ਜੇ 0.374387 0.844771 0.023897 0.053105
ਸ 0.586397 0.840686 0.021446 0.055556
ਰ 0.606618 0.842525 0.018995 0.051879
ਦੀ 0.630668 0.836193 0.029105 0.081699
ਆਂ 0.668505 0.840074 0.042279 0.065768
10 0.728094 0.843954 0.029105 0.054739
: 0.746783 0.841095 0.007047 0.039216
0 0.761029 0.842320 0.015931 0.053105
0 0.781556 0.845180 0.022059 0.050654
ਵ 0.805913 0.854167 0.015625 0.031046
ਜੇ 0.823836 0.848243 0.020221 0.044526