ਸਾ 0.133132 0.257353 0.121029 0.126721
ਡੇ 0.232728 0.233886 0.078164 0.164268
ਸੰ 0.349975 0.244055 0.100857 0.150188
ਵਿ 0.458396 0.242491 0.110943 0.153317
ਧਾ 0.561775 0.262829 0.110943 0.137672
ਨ 0.670197 0.261264 0.110943 0.118899
ਅ 0.124307 0.428661 0.108422 0.106383
ਨੁ 0.217600 0.438048 0.083207 0.131414
ਸਾ 0.309632 0.428661 0.105900 0.112641
ਰ 0.397882 0.423185 0.075643 0.111076
ਭਾ 0.491175 0.427879 0.105900 0.104819
ਰ 0.574382 0.423185 0.065557 0.104819
ਤ 0.648764 0.425532 0.083207 0.112641
ਦੀ 0.135653 0.561640 0.095814 0.118899
ਆਂ 0.251639 0.567115 0.146243 0.107947
ਬਾ 0.382753 0.571809 0.105900 0.098561
ਈ 0.476046 0.556946 0.090772 0.128285
( 0.532779 0.573373 0.017650 0.101690
2 0.569339 0.570244 0.070600 0.092303
2 0.627332 0.567897 0.075643 0.093867
) 0.676500 0.564768 0.022693 0.100125
ਪ੍ਰ 0.210035 0.709481 0.088250 0.101690
ਵਾ 0.302068 0.701658 0.095814 0.095432
ਨਿ 0.404186 0.689925 0.108422 0.109512
ਤ 0.508825 0.700094 0.100857 0.089174
ਭਾ 0.169692 0.822904 0.098336 0.081352
ਸ਼ਾ 0.266768 0.826815 0.110943 0.086045
ਵਾਂ 0.365103 0.811952 0.110943 0.096996
ਹ 0.468482 0.819775 0.065557 0.081352
ਨ 0.537821 0.818210 0.088250 0.075094
। 0.605900 0.823686 0.032779 0.082916