ਸਾ 0.300028 0.165728 0.066043 0.121745
ਹਿ 0.370040 0.146728 0.066043 0.149894
ਤ 0.425737 0.153765 0.049320 0.121745
ਕ 0.475765 0.148135 0.054705 0.124560
ਭਾ 0.570295 0.144265 0.064059 0.126671
ਸ਼ਾ 0.640731 0.134061 0.074546 0.142857
( 0.239654 0.282899 0.018991 0.098522
ਮਿ 0.270266 0.276918 0.038832 0.100633
ਆ 0.311508 0.279381 0.045351 0.081633
ਰੀ 0.352891 0.273751 0.039683 0.098522
ਜਾਂ 0.407313 0.271288 0.036848 0.093596
ਟ 0.457908 0.269880 0.032029 0.082336
ਕ 0.489512 0.268825 0.029478 0.080225
ਸਾ 0.524518 0.259324 0.040533 0.089374
ਲੀ 0.568311 0.262843 0.051020 0.114708
ਭਾ 0.631236 0.255806 0.042517 0.082336
ਸ਼ਾ 0.675595 0.244194 0.050170 0.081633
) 0.718254 0.241731 0.019841 0.100633
ਸਾ 0.157880 0.415552 0.042517 0.096411
ਹਿ 0.199972 0.394089 0.035998 0.119634
ਤ 0.231576 0.407460 0.025510 0.098522
ਕ 0.259070 0.404645 0.031179 0.098522
ਭਾ 0.303288 0.408515 0.042517 0.096411
ਸ਼ਾ0.345522 0.401478 0.045351 0.100633
ਕਿ 0.396967 0.394089 0.040533 0.119634
ਸੇ 0.434240 0.386348 0.032313 0.112597
ਭਾ 0.470096 0.402533 0.037698 0.098522
ਸ਼ਾ 0.506519 0.389514 0.042517 0.100633
ਖੇ 0.551304 0.376847 0.028345 0.121745
ਤ 0.577381 0.381422 0.031179 0.084448
ਰ  0.610402 0.373329 0.034864 0.082336
ਦੇ 0.652920 0.359254 0.033163 0.110486
ਕੇਂ 0.693594 0.366291 0.032880 0.124560
ਦ 0.719529 0.375440 0.032029 0.086559
ਰੀ 0.761196 0.352217 0.049036 0.124560
ਇ 0.814059 0.354680 0.043651 0.119634
ਲਾ 0.859410 0.354328 0.054989 0.096411
ਕੇ 0.904762 0.342716 0.039683 0.119634
ਦੀ 0.171060 0.523223 0.044501 0.100633
ਭਾ 0.221230 0.537650 0.040533 0.091485
ਸ਼ਾ 0.265164 0.527797 0.047336 0.091485
ਹੁੰ 0.309099 0.519704 0.029195 0.135820
ਦੀ 0.339853 0.515130 0.039683 0.108374
ਹੈ 0.379819 0.505630 0.031179 0.117523
। 0.404053 0.522167 0.013322 0.084448
ਇ 0.430839 0.510556 0.031179 0.117523
ਹ 0.463577 0.510556 0.030329 0.089374
ਪ੍ਰ 0.498016 0.522167 0.023810 0.112597
ਦੇ 0.522676 0.498944 0.025510 0.126671
ਸ਼ 0.549603 0.508093 0.034014 0.088670
ਦੇ 0.583050 0.496481 0.032880 0.121745
ਲੇ 0.617063 0.488388 0.031179 0.119634
ਖ 0.642999 0.491555 0.024660 0.103448
ਕਾਂ 0.672902 0.485925 0.036848 0.110486
ਤੇ 0.694019 0.494018 0.018991 0.088670
ਸ 0.712018 0.486981 0.024376 0.094300
ਰ 0.734269 0.489444 0.027494 0.089374
ਕਾ 0.763889 0.483462 0.034014 0.101337
ਰੀ 0.798044 0.469388 0.043367 0.115412
ਦ 0.827806 0.475369 0.029195 0.093596
ਫ਼ 0.847080 0.477481 0.026361 0.093596
ਤ 0.869331 0.472906 0.025510 0.094300
ਰਾਂ  0.899660 0.469388 0.042517 0.095707
ਦੀ 0.177721 0.635820 0.036848 0.100633
ਬੋ 0.215561 0.632301 0.023526 0.117523
ਲੀ 0.245323 0.632301 0.035998 0.107671
ਹੁੰ 0.284439 0.634764 0.027494 0.122449
ਦੀ 0.312358 0.629838 0.037982 0.098522
ਹੈ 0.351616 0.623153 0.027494 0.103448
। 0.376134 0.634764 0.010204 0.080225
ਇ 0.396400 0.621745 0.024660 0.114708
ਸ 0.421485 0.627727 0.025510 0.074595
ਵਿੱ  0.458333 0.618227 0.032880 0.103448
ਚ 0.482851 0.630190 0.027494 0.079521
ਅ 0.513605 0.630190 0.028345 0.079521
ਖ 0.537132 0.622801 0.022676 0.084448
ਬਾ 0.563209 0.613652 0.032880 0.094300
ਰਾਂ 0.593396 0.612597 0.038832 0.096411
ਛ 0.626134 0.617171 0.022676 0.087262
ਪ 0.648243 0.611541 0.023810 0.084448
ਦੀ 0.676587 0.598522 0.035147 0.110486
ਆਂ 0.716695 0.600985 0.054705 0.105559
ਹ 0.761621 0.604152 0.029478 0.079521
ਨ 0.790816 0.602041 0.031179 0.103448
ਅ 0.836310 0.594652 0.040533 0.070373
ਤੇ 0.869756 0.578466 0.032029 0.098522
ਇ  0.270833 0.735749 0.035998 0.093596
ਹ 0.301446 0.741379 0.029195 0.086559
ਹੀ 0.342545 0.728712 0.037698 0.089374
ਸਿੱ 0.388889 0.723786 0.034014 0.103448
ਖਿ 0.420635 0.723786 0.031179 0.093596
ਆ 0.456491 0.727305 0.040533 0.072484
ਦਾ 0.504110 0.725194 0.035998 0.072484
ਮਾ 0.549461 0.727305 0.035998 0.082336
ਧਿ 0.584892 0.713230 0.033163 0.100633
ਅ 0.618481 0.711119 0.037982 0.100633
ਮ 0.652494 0.712175 0.030045 0.070373
ਹੁੰ  0.691752 0.708656 0.033163 0.123856
ਦੀ 0.722931 0.699156 0.040533 0.100633
ਹੈ 0.764456 0.688951 0.029478 0.098522
। 0.790533 0.701619 0.017007 0.073188