ਫ 0.395668 0.134673 0.036706 0.037202
ਜ਼ 0.432374 0.139633 0.031415 0.049603
ਲ 0.464947 0.132068 0.039683 0.035962
ਖ 0.515873 0.133433 0.033069 0.038690
ਰ 0.548611 0.133061 0.028439 0.039435
ਚੀ 0.590774 0.126488 0.050595 0.049603
ਇ 0.306052 0.192336 0.041336 0.041915
ਕ 0.344577 0.197793 0.035714 0.031002
ਸ 0.388724 0.196429 0.030093 0.029762
ਮਾ 0.423611 0.194444 0.042989 0.033730
ਜਿ 0.467758 0.189856 0.043320 0.041419
ਕ 0.507110 0.193328 0.039352 0.034474
ਬੁ 0.551257 0.196057 0.032407 0.038442
ਰਾ 0.587963 0.192708 0.039683 0.031746
ਈ 0.632110 0.186384 0.046627 0.039931
ਹੈ 0.687169 0.187128 0.035714 0.041419
। 0.716601 0.189112 0.013889 0.034474
ਗ਼ੈ 0.308862 0.246032 0.035714 0.040675
ਰ 0.343750 0.249752 0.034061 0.030258
ਜ਼ਿੰ 0.393684 0.245784 0.043981 0.042659
ਮੇ 0.428241 0.245660 0.030423 0.038442
ਦਾ 0.462136 0.248016 0.041336 0.028274
ਰ 0.500661 0.247024 0.035714 0.030258
ਵਿ 0.551422 0.243676 0.041336 0.038442
ਹਾ 0.592758 0.246404 0.041336 0.026042
ਰ 0.628968 0.246776 0.031085 0.029762
ਹੈ 0.674769 0.240575 0.029431 0.039187
। 0.706019 0.245412 0.014550 0.029514
ਸਾ 0.319775 0.328373 0.046958 0.041171
ਦੇ 0.360284 0.320437 0.034061 0.054563
ਵਿ 0.416667 0.321429 0.044312 0.056548
ਆ 0.465443 0.326637 0.055225 0.042163
ਹ 0.511243 0.325893 0.035053 0.040675
ਰ 0.556217 0.327381 0.033069 0.039187
ਚਾ 0.595734 0.325273 0.045966 0.044891
ਈ 0.644511 0.321057 0.044312 0.055804
ਏ 0.685020 0.320188 0.036706 0.055060
ਅੰ 0.312500 0.385913 0.046958 0.047619
ਤ 0.350529 0.389261 0.033069 0.036458
ਰ 0.385417 0.390749 0.038690 0.037946
ਮ 0.435020 0.392485 0.034722 0.038442
ਨ 0.469577 0.391493 0.039683 0.037946
ਰੁ 0.521991 0.395833 0.034061 0.048115
ਸ਼ 0.555390 0.391741 0.034722 0.039931
ਨਾ 0.596892 0.391989 0.049603 0.043403
ਈ 0.646825 0.385541 0.050265 0.052331
ਏ 0.693122 0.385293 0.040344 0.050347
ਹੱ 0.305225 0.461062 0.028439 0.039187
ਥ 0.332176 0.464410 0.029431 0.032490
ਘੁੱ 0.374008 0.464410 0.032407 0.047371
ਟ 0.403770 0.465774 0.033069 0.029762
ਕੇ 0.445602 0.460317 0.034061 0.037698
ਕੀ 0.490741 0.462054 0.037698 0.041171
ਤੇ 0.524140 0.460938 0.031085 0.037946
ਗ 0.564649 0.466518 0.031415 0.029762
ਏ 0.594411 0.463046 0.030093 0.039187
ਖ 0.636243 0.468626 0.029101 0.031002
ਰ 0.662368 0.467262 0.026455 0.033730
ਚੇ 0.693618 0.462674 0.036045 0.038442
ਜ਼ਿੰ 0.354167 0.510293 0.040344 0.041419
ਦ 0.385913 0.514385 0.026455 0.028770
ਗੀ 0.419974 0.511285 0.037698 0.040427
ਬ 0.464451 0.516741 0.029431 0.029514
ਣਾ 0.496032 0.516121 0.037698 0.028274
ਦਿੰ 0.550265 0.512649 0.035714 0.040675
ਦੇ 0.582176 0.512277 0.029431 0.041419
ਹ 0.621528 0.518477 0.025463 0.029018
ਨ 0.649471 0.519221 0.028439 0.030506
ਚਾ 0.317956 0.563988 0.039352 0.031746
ਦ 0.350033 0.565352 0.026786 0.029018
ਰ 0.376653 0.564360 0.028439 0.031002
ਨਾ 0.418981 0.563988 0.035714 0.028770
ਲੋਂ 0.454365 0.559524 0.038360 0.037698
ਵੱ 0.495205 0.562004 0.024802 0.037202
ਧ 0.518188 0.567832 0.032407 0.031002
ਪ 0.555886 0.567088 0.030423 0.031002
ਸਾ 0.588955 0.569196 0.037698 0.029762
ਰੇ 0.621032 0.563616 0.026455 0.037946
ਪੈ 0.659722 0.563988 0.028439 0.042659
ਰ 0.687831 0.568204 0.033069 0.031746
ਮੰ 0.350529 0.601438 0.031085 0.033730
ਗ 0.379134 0.605283 0.029431 0.026042
ਣ 0.409392 0.605655 0.033069 0.026786
ਲ 0.449735 0.606771 0.033069 0.027530
ਗਾ 0.486607 0.607763 0.043981 0.025546
ਦਿੰ 0.542163 0.603547 0.043320 0.036458
ਦੇ 0.577381 0.604911 0.033069 0.033730
ਹ 0.615906 0.610119 0.029431 0.026290
ਨ 0.645503 0.610491 0.033069 0.028026
ਵਿ 0.443783 0.660094 0.032407 0.036458
ਆ 0.478175 0.664931 0.040344 0.028274
ਹਾਂ 0.516369 0.660466 0.034061 0.030258
ਨੂੰ 0.558201 0.667287 0.035053 0.045387
ਆ 0.311177 0.706597 0.042328 0.024802
ਡੰ 0.342262 0.703497 0.021825 0.033978
ਬ 0.361607 0.707589 0.024140 0.028274
ਰੀ 0.387235 0.705233 0.033069 0.030506
ਸ਼ੋ 0.420800 0.706597 0.024802 0.034226
ਅ 0.446594 0.708333 0.032077 0.028274
ਮੈ 0.480489 0.705853 0.023148 0.037202
ਚ 0.503142 0.710441 0.027447 0.025546
ਨਾਂ 0.539352 0.709697 0.032407 0.029514
ਹ 0.567956 0.712426 0.024802 0.025546
ਬ 0.595403 0.715278 0.024802 0.028274
ਣਾ 0.624339 0.714162 0.031085 0.027530
ਈ 0.654597 0.711806 0.031415 0.035218
ਏ 0.681217 0.713542 0.025794 0.031746
। 0.704696 0.717262 0.015873 0.026786
ਉ 0.491237 0.762649 0.020172 0.028274
ਤ 0.508929 0.764757 0.016534 0.018105
ਸ਼ਾ 0.528770 0.764757 0.024471 0.022569
ਹ 0.550099 0.764137 0.019511 0.020337
ਪੰ 0.392692 0.784970 0.012897 0.020337
ਜਾ 0.405754 0.784846 0.016534 0.014633
ਬ 0.419808 0.786086 0.014220 0.016617
ਐ 0.438823 0.784970 0.016534 0.017857
ਗ 0.452546 0.787698 0.012235 0.016865
ਰੀ  0.465608 0.786830 0.017196 0.018601
ਕ 0.479497 0.788938 0.011905 0.015873
ਲ 0.492890 0.789559 0.013558 0.014633
ਚ 0.504299 0.789187 0.011905 0.016369
ਰ 0.514220 0.790179 0.011905 0.016369
ਲ 0.527282 0.789187 0.012897 0.015377
ਯੂ 0.545635 0.792287 0.015212 0.018105
ਨੀ 0.559854 0.789187 0.017857 0.018353
ਵ 0.574074 0.792163 0.011905 0.016865
ਰ 0.585483 0.790923 0.010913 0.015377
ਸਿ 0.598710 0.789807 0.015542 0.017609
ਟੀ 0.615741 0.791047 0.016534 0.018105
, 0.627149 0.798487 0.006944 0.012153
ਲੁ 0.643519 0.794271 0.016534 0.017609
ਧਿ 0.658399 0.791419 0.013889 0.019841
ਆ 0.675430 0.793651 0.020172 0.015377
ਣਾ 0.694444 0.794643 0.019841 0.015873
8 0.466270 0.809276 0.009921 0.013393
3 0.475860 0.809276 0.011905 0.015873
6 0.488095 0.809276 0.011243 0.015873
0 0.498016 0.809400 0.009921 0.015129
6 0.507937 0.810392 0.010582 0.014633
- 0.517361 0.811384 0.006944 0.009177
8 0.525132 0.810268 0.011243 0.013393
4 0.535880 0.810888 0.010913 0.013641
9 0.546792 0.811508 0.010913 0.013393
4  0.557209 0.811632 0.009921 0.014137
8  0.569279 0.811384 0.012897 0.015625