ਕੌ 0.432540 0.141031 0.042989 0.069992
ਮੀ 0.485780 0.139564 0.063492 0.069573
ਗਾ 0.564815 0.147318 0.064815 0.051551
ਣ   0.614914 0.143336 0.038029 0.062028
ਜ 0.400628 0.208718 0.040675 0.052808
ਨ 0.435516 0.205574 0.031746 0.059095
- 0.458168 0.205574 0.013558 0.024728
ਗ 0.483300 0.207041 0.034061 0.052808
ਣ 0.516369 0.210184 0.029431 0.055742
- 0.539021 0.207041 0.011243 0.021794
ਮ 0.559193 0.207670 0.027116 0.048198
ਨ 0.587963 0.204736 0.033069 0.054065
ਅ 0.633267 0.202431 0.033069 0.043588
ਧਿ 0.668155 0.198449 0.036706 0.066639
ਨਾ 0.704365 0.206412 0.035714 0.057418
ਇ 0.739253 0.200964 0.034061 0.068315
ਕ 0.771164 0.203269 0.031746 0.054484
ਜ 0.809028 0.200964 0.029431 0.046521
ਯ 0.841601 0.198449 0.035714 0.054065
ਹੈ 0.883102 0.193001 0.035384 0.071668
, 0.906415 0.213956 0.018519 0.029757
ਭਾ 0.466766 0.269070 0.042659 0.049455
ਰ 0.502315 0.267603 0.030423 0.049874
ਤ 0.531746 0.266764 0.033069 0.048198
ਭਾ 0.609292 0.266764 0.041997 0.049874
ਗ 0.651620 0.266555 0.036706 0.046102
ਯ 0.690146 0.266345 0.043651 0.049036
ਵਿ 0.793320 0.257334 0.040344 0.059514
ਧਾ 0.834821 0.262154 0.041336 0.051551
ਤਾ 0.879134 0.259220 0.041336 0.049036
, 0.903274 0.277242 0.016865 0.019698
ਪੰ 0.425265 0.323764 0.033069 0.053227
ਜਾ 0.458995 0.326488 0.034392 0.041073
ਬ 0.492560 0.326278 0.028108 0.046521
, 0.513228 0.344091 0.011905 0.025147
ਸਿੰ 0.552249 0.322297 0.042328 0.056161
ਧ 0.588624 0.325021 0.030423 0.044007
, 0.612765 0.341995 0.012566 0.024308
ਗੁ 0.645833 0.330469 0.032407 0.052389
ਜ 0.678902 0.323135 0.032407 0.043588
ਰਾ 0.713128 0.324183 0.037368 0.044007
ਤ 0.745536 0.323135 0.027447 0.043588
, 0.769841 0.337594 0.009921 0.018860
ਮ 0.792659 0.322297 0.033069 0.040235
ਰਾ 0.830853 0.323135 0.039352 0.043588
ਠਾ 0.872024 0.322716 0.041667 0.044426
, 0.898810 0.337175 0.013228 0.018022
ਦ 0.466766 0.385583 0.028770 0.045264
ਰਾ 0.500496 0.385163 0.037368 0.042749
ਵਿ 0.538856 0.381601 0.039352 0.051551
ੜ 0.575066 0.386421 0.034392 0.043588
, 0.603671 0.399832 0.012897 0.025985
ਉ 0.661376 0.383697 0.028439 0.063286
ਤ 0.688823 0.383487 0.032407 0.044426
ਕ 0.721561 0.382649 0.031746 0.044426
ਲ 0.754630 0.380763 0.037037 0.040654
, 0.782077 0.396270 0.014550 0.023889
ਬੰ 0.842593 0.374686 0.031746 0.055323
ਗ 0.876984 0.378248 0.041667 0.049874
, 0.900628 0.398994 0.019511 0.025985
ਵਿੰ 0.431548 0.437133 0.044312 0.055323
ਧ 0.467097 0.442791 0.029431 0.039816
, 0.489087 0.458298 0.012566 0.021375
ਹਿ 0.512897 0.436924 0.033730 0.051551
ਮਾ 0.546131 0.441744 0.038029 0.043588
ਚ 0.580522 0.441744 0.028108 0.040235
ਲ 0.611442 0.440486 0.033730 0.039396
, 0.639716 0.454736 0.016865 0.026823
ਯ 0.672288 0.439648 0.034392 0.039396
ਮੁ 0.704034 0.444887 0.033069 0.049874
ਨਾ 0.740079 0.438600 0.044974 0.046521
, 0.772156 0.453479 0.013228 0.025985
ਗੰ 0.813988 0.434199 0.038029 0.051970
ਗਾ 0.858962 0.437343 0.049272 0.044007
, 0.892526 0.452221 0.014550 0.025147
ਉ 0.469246 0.497695 0.025132 0.060771
ਛ 0.497189 0.494971 0.027447 0.051970
ਲ 0.527116 0.497904 0.033730 0.041911
ਜ 0.588294 0.497485 0.031085 0.042749
ਲ 0.619544 0.496647 0.036045 0.042749
ਦੀ 0.696098 0.490151 0.044312 0.047360
ਤ 0.760582 0.494971 0.031085 0.044426
ਰੰ 0.797123 0.487846 0.035384 0.055323
ਗ 0.833003 0.493713 0.043651 0.041911
, 0.874835 0.510478 0.016204 0.029338
ਤ 0.422123 0.553227 0.026786 0.045264
ਵ  0.451058 0.551970 0.032407 0.044426
ਸ਼ੁ 0.510086 0.555951 0.034061 0.050712
ਭ 0.543651 0.551132 0.033069 0.044426
ਨਾ 0.612599 0.550293 0.048611 0.042749
ਮੈ 0.696594 0.544845 0.041997 0.055323
ਜਾ 0.783730 0.547150 0.046296 0.045683
ਗੇ 0.832341 0.541282 0.043651 0.049874
, 0.871032 0.562657 0.013889 0.024728
ਤ  0.469742 0.604568 0.027447 0.038977
ਵ 0.499504 0.604987 0.026786 0.044007
ਸ਼ੁ 0.555886 0.607712 0.029762 0.049455
ਭ 0.587632 0.605407 0.032407 0.038977
ਆ 0.649140 0.602682 0.044312 0.041073
ਸ਼ਿ 0.689484 0.605197 0.036376 0.056161
ਸ਼ 0.722884 0.603521 0.035714 0.041073
ਮਾਂ 0.787698 0.604987 0.044312 0.049036
ਗੇ 0.827877 0.598282 0.038690 0.051551
, 0.856978 0.620075 0.015542 0.018860
ਗਾ 0.429894 0.650461 0.042328 0.040235
ਹੇ  0.467427 0.647737 0.028770 0.050712
ਤ 0.535880 0.654652 0.028770 0.044426
ਵ 0.568452 0.654233 0.035053 0.040235
ਜ 0.634590 0.655490 0.029762 0.039396
ਯ 0.666997 0.654652 0.033730 0.044426
ਗਾ 0.764550 0.653185 0.045635 0.038139
ਥਾ 0.808036 0.653604 0.041336 0.044845
, 0.842097 0.668273 0.018188 0.018860
ਜ 0.458168 0.706203 0.026786 0.041073
ਨ 0.485615 0.704946 0.028108 0.041911
- 0.507937 0.702640 0.009921 0.016345
ਗ 0.529431 0.707041 0.030423 0.039396
ਣ 0.559358 0.707041 0.028108 0.041073
- 0.584325 0.705365 0.011905 0.015926
ਮੰ 0.606151 0.701802 0.030423 0.043168
ਗ 0.636739 0.705365 0.032077 0.039396
ਲ 0.668981 0.706622 0.033730 0.043588
ਦਾ 0.709656 0.709346 0.034392 0.039816
ਇ 0.742560 0.705365 0.028770 0.044426
ਕ 0.772652 0.711232 0.026786 0.040235
ਜ 0.808036 0.712490 0.024802 0.041073
ਯ 0.834821 0.709975 0.028770 0.041073
ਹੈ 0.871032 0.704526 0.028439 0.051970
, 0.890046 0.729044 0.015542 0.022213
ਭਾ 0.425265 0.754401 0.035714 0.039396
ਰ 0.456349 0.753143 0.023148 0.040235
ਤ 0.481647 0.754401 0.030093 0.041073
ਭਾ 0.567791 0.755658 0.037698 0.038558
ਗ 0.601521 0.756077 0.029762 0.041073
ਯ  0.631944 0.757544 0.033730 0.039816
ਵਿ 0.725694 0.754401 0.038690 0.047779
ਧਾ 0.764881 0.760687 0.035053 0.041073
ਤਾ 0.804233 0.760268 0.041005 0.040235
, 0.837302 0.776194 0.019841 0.024308
ਜ 0.455853 0.802389 0.028108 0.035624
ਯ 0.484127 0.803437 0.033730 0.041073
ਹੇ 0.525463 0.798198 0.032407 0.049874
, 0.546627 0.819573 0.013889 0.021375
ਜ 0.576224 0.806580 0.026786 0.038139
ਯ 0.603671 0.805532 0.029431 0.040235
ਹੇ 0.644015 0.802389 0.028770 0.049874
, 0.668651 0.821249 0.011905 0.026404
ਜ 0.698247 0.809304 0.030093 0.040235
ਯ  0.729663 0.809304 0.035384 0.040235
ਹੇ 0.775298 0.804904 0.029431 0.050712
, 0.806548 0.826697 0.010582 0.024728
ਜ 0.415840 0.853101 0.029431 0.034786
ਯ 0.447917 0.853311 0.036045 0.042749
ਜ  0.498843 0.854149 0.026786 0.039396
ਯ 0.528770 0.855407 0.030423 0.041911
ਜ  0.583995 0.854987 0.025132 0.042749
ਯ 0.611111 0.856454 0.030423 0.044007
ਜ 0.670139 0.858759 0.027447 0.037720
ਯ 0.700066 0.859179 0.032407 0.041911
ਹੇ 0.765542 0.854778 0.031085 0.052389
। 0.797123 0.861484 0.015542 0.038977