ਸਾ 0.186237 0.225434 0.105604 0.189306
ਡੇ 0.276401 0.200867 0.068624 0.202312
ਬੱ 0.366946 0.203757 0.074342 0.193642
ਚਿ 0.446435 0.210983 0.083111 0.193642
ਆਂ 0.541746 0.234465 0.105986 0.182803
ਦਾ 0.663744 0.246387 0.096073 0.151734
ਭ 0.758483 0.254335 0.062905 0.145954
ਵਿੱ 0.836828 0.239884 0.091498 0.200867
ਖ 0.907739 0.265896 0.065574 0.144509
ਜੇ 0.166222 0.381503 0.046512 0.122832
ਪ 0.223027 0.395231 0.034312 0.099711
ਰਾ 0.264964 0.397038 0.045749 0.091763
ਲੀ 0.315478 0.391618 0.051468 0.109827
ਸਾ 0.382577 0.402457 0.050705 0.088150
ੜੋ 0.426801 0.391618 0.036218 0.117052
ਗੇ 0.464163 0.393425 0.036218 0.113439
ਤਾਂ 0.527068 0.401734 0.059093 0.093931
ਆ 0.597598 0.409682 0.059093 0.092486
ਪ 0.643157 0.417991 0.034312 0.090318
ਣੇ 0.678994 0.409682 0.037362 0.121387
ਹੱ 0.733892 0.413295 0.049562 0.109827
ਥੀਂ 0.783454 0.415101 0.057186 0.117775
ਜ਼ 0.842547 0.429552 0.038124 0.088873
ਮੀ 0.882005 0.421604 0.044605 0.097543
ਨ 0.924895 0.430636 0.033549 0.086705
ਨੂੰ  0.972169 0.443280 0.038124 0.133671
ਬੰ 0.161075 0.511922 0.040030 0.104769
ਜ 0.198056 0.520592 0.036218 0.090318
ਰ 0.234274 0.519870 0.036218 0.088873
ਤੇ 0.288601 0.516257 0.041937 0.103324
ਵਾ 0.349600 0.529624 0.049562 0.093931
ਤਾ 0.398208 0.531792 0.047655 0.086705
ਵ 0.439764 0.534321 0.031643 0.096098
ਰ 0.472551 0.533598 0.028593 0.090318
ਣ 0.506481 0.532514 0.039268 0.095376
ਨੂੰ 0.560427 0.546243 0.041937 0.144509
ਜ਼ 0.611323 0.542269 0.039268 0.090318
ਹਿ 0.653260 0.531431 0.043080 0.104769
ਰੀ 0.696531 0.535043 0.041937 0.104769
ਲਾ 0.743424 0.548772 0.049562 0.088873
ਬ  0.801563 0.551301 0.036218 0.086705
ਣਾ 0.841975 0.555275 0.043080 0.083092
ਓ 0.881433 0.541546 0.034312 0.106214
ਗੇ 0.918605 0.546243 0.040030 0.108382
ਪ 0.051277 0.746387 0.024781 0.065029
ਰਾ 0.078536 0.743858 0.033549 0.059971
ਲੀ 0.111895 0.738439 0.036981 0.080925
ਨਾ 0.029546 0.824061 0.055280 0.083092
ਸਾ 0.091498 0.826228 0.045749 0.083092
ੜੋ 0.134769 0.817197 0.035456 0.101156
ਖੇ 0.028593 0.936416 0.026687 0.065029
ਤੀ 0.054327 0.935332 0.028593 0.067197
ਬਾ 0.082920 0.933526 0.028593 0.056358
ੜੀ 0.111323 0.933526 0.030499 0.070809
ਤੇ 0.143347 0.934610 0.025925 0.061416
ਕਿ 0.178040 0.933526 0.026687 0.066474
ਸਾ 0.203774 0.938223 0.028593 0.046965
ਨ 0.229127 0.937861 0.025925 0.057803
ਭ 0.252955 0.938223 0.021731 0.046965
ਲਾ 0.279642 0.938945 0.029356 0.048410
ਈ 0.305757 0.933526 0.026687 0.066474
ਵਿ 0.339306 0.935332 0.026687 0.062861
ਭਾ 0.364087 0.939668 0.026687 0.046965
ਗ 0.387724 0.937861 0.022875 0.057803
, 0.402974 0.957009 0.011437 0.026734
ਪੰ 0.423561 0.935332 0.019825 0.062861
ਜਾ 0.445864 0.940751 0.028593 0.049133
ਬ 0.468929 0.940029 0.022875 0.057803
ਸ 0.495044 0.943280 0.020206 0.046965
ਰ 0.513153 0.940751 0.019825 0.059249
ਕਾ 0.535074 0.945448 0.027831 0.054191
ਰ 0.559474 0.940751 0.020968 0.052023
ਵੱ 0.583683 0.936055 0.019825 0.061416
ਲੋਂ 0.604270 0.936416 0.022875 0.057803
ਜਾ 0.631338 0.945448 0.029737 0.054191
ਰੀ 0.658025 0.940751 0.027449 0.063584