ਸੈ 0.255523 0.095255 0.163476 0.092776
ਨੇ 0.412371 0.091714 0.144330 0.091360
ਟ 0.563328 0.099150 0.142857 0.084986
ਰੀ 0.738586 0.089235 0.187040 0.086402
ਹਾ 0.192194 0.226983 0.134021 0.078612
ਰ 0.310015 0.229108 0.107511 0.077195
ਡ 0.424153 0.221317 0.108984 0.082861
ਵੇ 0.533137 0.223442 0.117820 0.091360
ਅ 0.661267 0.226983 0.156112 0.081445
ਰ 0.805596 0.225921 0.138439 0.073654
ਪੇਂ 0.334315 0.349504 0.170839 0.091360
ਟ 0.487482 0.351983 0.144330 0.093484
ਸ 0.643594 0.357295 0.173785 0.078612
ਪ 0.175258 0.477691 0.120766 0.077195
ਲਾ 0.324006 0.478399 0.176730 0.078612
ਈ 0.499264 0.477691 0.173785 0.092776
ਵੁੱ 0.645066 0.485836 0.138439 0.101983
ਡ 0.782032 0.482649 0.150221 0.082861
ਹੈਂ 0.227541 0.598088 0.154639 0.094193
ਡ 0.373343 0.606941 0.157585 0.073654
ਟੂ 0.543446 0.616501 0.156112 0.092776
ਲ 0.712077 0.607649 0.192931 0.082153
ਕਿ 0.140648 0.725921 0.136966 0.097734
ਚ 0.247423 0.731232 0.088365 0.074363
ਨ 0.343888 0.729816 0.098675 0.074363
ਅ 0.456554 0.734419 0.120766 0.076487
ਸੈ 0.567747 0.729462 0.107511 0.086402
ਸ 0.662003 0.739731 0.104566 0.075779
ਰੀ 0.780560 0.736190 0.141384 0.089943