ਪੰ 0.052598 0.224877 0.052598 0.238971
ਜਾ 0.111610 0.261642 0.062861 0.189951
ਬ 0.169019 0.266544 0.048108 0.187500
ਐ 0.239256 0.237132 0.061578 0.241422
ਗ 0.292495 0.278799 0.044901 0.180147
ਰੀ 0.348621 0.254289 0.055805 0.236520
ਕ 0.399936 0.282475 0.042976 0.187500
ਲ 0.444516 0.278799 0.050032 0.180147
ਚ 0.490378 0.289216 0.042976 0.171569
ਰ 0.531110 0.284926 0.039769 0.182598
ਲ 0.578255 0.289828 0.053239 0.165441
ਯੂ 0.644323 0.337010 0.045542 0.245098
ਨੀ 0.700128 0.276348 0.058371 0.229167
ਵ 0.748877 0.310049 0.039128 0.171569
ਰ 0.788647 0.308824 0.037845 0.164216
ਸਿ 0.838999 0.285539 0.055164 0.232843
ਟੀ 0.898012 0.291667 0.060295 0.215686
ਬੀ 0.102630 0.640931 0.135985 0.397059
ਜਾਂ 0.254650 0.667279 0.147530 0.354167
ਦੀ 0.450930 0.677083 0.152662 0.388480
ਦੁ 0.614496 0.757966 0.098781 0.356618
ਕਾ 0.730597 0.732843 0.129570 0.276961
ਨ 0.851828 0.738971 0.100064 0.294118