ਗੁ 0.374307 0.348977 0.046348 0.158845
ਰੂ 0.415365 0.359206 0.039798 0.184116
ਅੰ 0.467506 0.321901 0.048363 0.172082
ਗ 0.506297 0.333333 0.039295 0.127557
ਦ 0.545340 0.332732 0.040806 0.135981
ਦੇ 0.593703 0.317088 0.036776 0.155235
ਵ 0.630479 0.330325 0.041814 0.135981
ਵੈ 0.087657 0.529483 0.040302 0.175692
ਟ 0.122922 0.555355 0.036272 0.126354
ਨ 0.155164 0.542118 0.036272 0.140794
ਰੀ 0.197985 0.534296 0.053401 0.166065
ਅ 0.260453 0.552347 0.049370 0.129964
ਤੇ 0.301511 0.531889 0.037783 0.156438
ਐ 0.353149 0.527076 0.048363 0.166065
ਨੀ 0.399748 0.533093 0.046851 0.163658
ਮ 0.439295 0.550542 0.032242 0.135981
ਲ 0.475315 0.542118 0.039798 0.140794
ਸਾ 0.528967 0.548736 0.048363 0.122744
ਇੰ 0.579849 0.518652 0.051385 0.158845
ਸ 0.620655 0.549940 0.034257 0.129964
ਜ਼ 0.654660 0.538508 0.042821 0.138387
ਯੂ 0.703023 0.566787 0.042821 0.190132
ਨੀ 0.745844 0.524669 0.046851 0.166065
ਵ 0.784383 0.537304 0.030227 0.126354
ਰ 0.813854 0.534898 0.030730 0.135981
ਸਿ 0.854156 0.518051 0.051889 0.169675
ਟੀ 0.903275 0.524669 0.053401 0.151625