ਅ 0.106232 0.129167 0.155807 0.091667
ਨ 0.242210 0.130833 0.104816 0.081667
ਮੋ 0.348442 0.115833 0.101983 0.125000
ਲ 0.454674 0.129167 0.110482 0.085000
ਸ਼ 0.616147 0.130833 0.133144 0.095000
ਬ 0.746459 0.124167 0.138810 0.095000
ਦ 0.895184 0.126667 0.141643 0.096667
ਇੱ 0.070822 0.255833 0.101983 0.078333
ਜ 0.145892 0.250000 0.053824 0.076667
ਤ  0.202550 0.265000 0.042493 0.053333
ਕ 0.264873 0.263333 0.053824 0.056667
ਰੋ 0.315864 0.256667 0.065156 0.076667
ਅ 0.393768 0.261667 0.084986 0.053333
ਤੇ 0.461756 0.260000 0.062323 0.086667
ਇੱ 0.539660 0.259167 0.076487 0.071667
ਜ 0.600567 0.262500 0.050992 0.075000
ਤ  0.648725 0.263333 0.062323 0.066667
ਪਾ 0.723796 0.268333 0.076487 0.066667
ਓ। 0.805949 0.257500 0.076487 0.075000
ਆ 0.092068 0.351667 0.099150 0.056667
ਪ 0.174221 0.355833 0.053824 0.058333
ਣੀ 0.245042 0.350833 0.076487 0.061667
ਗ 0.328612 0.360833 0.073654 0.058333
ਲ 0.396601 0.358333 0.062323 0.063333
ਤੀ  0.471671 0.350833 0.076487 0.078333
ਮੰ 0.556657 0.351667 0.065156 0.076667
ਨ 0.611898 0.358333 0.045326 0.073333
ਣਾ 0.674221 0.353333 0.079320 0.050000
ਸਿੱ 0.767705 0.352500 0.079320 0.065000
ਖੋ। 0.856941 0.349167 0.087819 0.075000
ਪ 0.075071 0.448333 0.065156 0.056667
ਹਿ 0.144476 0.440000 0.073654 0.066667
ਲਾ 0.218130 0.447500 0.073654 0.058333
ਸੋ 0.290368 0.440833 0.053824 0.068333
ਚੋ  0.338527 0.440000 0.053824 0.066667
ਫਿ 0.407932 0.441667 0.067989 0.063333
ਰ 0.464589 0.446667 0.045326 0.056667
ਬੋ 0.521246 0.439167 0.045326 0.071667
ਲੋ। 0.586402 0.441667 0.096317 0.070000
ਹ 0.080737 0.533333 0.053824 0.050000
ਰ 0.128895 0.530833 0.053824 0.055000
ਹਾ 0.186969 0.530000 0.067989 0.066667
ਲ 0.247875 0.533333 0.053824 0.056667
ਵਿੱ 0.322946 0.530833 0.067989 0.065000
ਚ 0.386686 0.534167 0.048159 0.058333
ਸੰ 0.454674 0.527500 0.053824 0.065000
ਤੁ 0.505666 0.538333 0.053824 0.063333
ਸ਼ 0.563739 0.535833 0.050992 0.055000
ਟ 0.614731 0.529167 0.056657 0.061667
ਰ 0.675637 0.534167 0.053824 0.055000
ਹੋ 0.735127 0.525833 0.065156 0.071667
। 0.787535 0.538333 0.039660 0.053333
ਆ 0.092068 0.620833 0.082153 0.058333
ਪ 0.168555 0.620000 0.070822 0.056667
ਣਾ  0.233711 0.620000 0.059490 0.063333
ਕੰ 0.287535 0.612500 0.042493 0.061667
ਮ 0.330028 0.623333 0.042493 0.056667
ਸ 0.382436 0.620833 0.050992 0.051667
ਦਾ 0.436261 0.621667 0.056657 0.050000
ਮਿ 0.511331 0.614167 0.070822 0.065000
ਹ 0.567989 0.620000 0.036827 0.053333
ਨ 0.609065 0.621667 0.033994 0.053333
ਤ 0.645892 0.619167 0.050992 0.055000
ਨਾ 0.706799 0.622500 0.053824 0.048333
ਲ 0.760623 0.621667 0.053824 0.053333
ਕ 0.818697 0.625833 0.039660 0.058333
ਰੋ। 0.879603 0.614167 0.076487 0.068333
ਕ 0.087819 0.705000 0.056657 0.050000
ਦੇ 0.138810 0.700000 0.050992 0.070000
ਕ 0.191218 0.706667 0.048159 0.050000
ਦੇ  0.235127 0.698333 0.062323 0.066667
ਨਾ  0.301700 0.706667 0.076487 0.046667
ਬੋ 0.373938 0.698333 0.056657 0.063333
ਲ 0.430595 0.706667 0.056657 0.046667
ਣਾ 0.498584 0.704167 0.062323 0.045000
ਵੀ 0.575071 0.704167 0.067989 0.055000
ਸਿੱ 0.660057 0.702500 0.079320 0.058333
ਖੋ 0.718130 0.703333 0.053824 0.063333
। 0.767705 0.707500 0.028329 0.045000
ਬਿ 0.089235 0.779167 0.065156 0.051667
ਨਾ 0.148725 0.787500 0.042493 0.041667
ਕਾ 0.196884 0.789167 0.053824 0.051667
ਰ 0.243626 0.786667 0.022663 0.060000
ਨ 0.274788 0.787500 0.033994 0.045000
ਦੂ 0.311615 0.793333 0.033994 0.063333
ਸ 0.344193 0.789167 0.031161 0.051667
ਰਿ 0.382436 0.782500 0.050992 0.061667
ਆਂ 0.441926 0.785833 0.073654 0.055000
ਦੇ 0.495751 0.784167 0.039660 0.071667
ਝ 0.542493 0.796667 0.042493 0.060000
ਗ 0.583569 0.791667 0.039660 0.043333
ੜੇ 0.618980 0.789167 0.053824 0.081667
'ਚ  0.678470 0.787500 0.076487 0.051667
ਨਾ 0.750708 0.790000 0.056657 0.040000
ਪ 0.814448 0.794167 0.048159 0.048333
ਵੋ। 0.871105 0.781667 0.065156 0.063333
ਸ 0.099150 0.869167 0.050992 0.048333
ਲਾ 0.145892 0.866667 0.053824 0.053333
ਹ  0.199717 0.867500 0.042493 0.041667
ਸ 0.243626 0.868333 0.045326 0.043333
ਭ 0.283286 0.868333 0.039660 0.053333
ਨਾ 0.337110 0.869167 0.056657 0.048333
ਲ 0.389518 0.865000 0.048159 0.050000
, 0.424929 0.892500 0.022663 0.025000
ਪ  0.460340 0.869167 0.053824 0.045000
ਰ  0.505666 0.869167 0.042493 0.045000
ਫੈ 0.553824 0.863333 0.042493 0.066667
ਸ 0.592068 0.873333 0.039660 0.046667
ਲਾ 0.651558 0.870833 0.062323 0.055000
ਆ 0.736544 0.872500 0.079320 0.051667
ਪ  0.805949 0.875833 0.048159 0.041667
ਲ 0.855524 0.875000 0.039660 0.056667
ਵੋ 0.898017 0.865000 0.056657 0.066667
। 0.943343 0.876667 0.022663 0.053333