ਵਿੱ 0.149816 0.488971 0.052696 0.102124
ਦਿ 0.206189 0.492851 0.056985 0.107435
ਆ 0.272365 0.506332 0.069853 0.091912
ਵਿ 0.353248 0.511029 0.061275 0.102941
ਚਾ 0.415288 0.520221 0.057904 0.091912
ਰੀ 0.476103 0.524101 0.056985 0.104575
ਤਾਂ 0.541207 0.534722 0.062806 0.087418
ਪ 0.602328 0.544526 0.045956 0.093137
ਰ 0.644608 0.546569 0.036765 0.081699
ਉ 0.695312 0.551879 0.042586 0.114379
ਪ 0.737286 0.555351 0.045037 0.082925
ਕਾ 0.788450 0.555964 0.055453 0.090686
ਰੀ 0.842984 0.556781 0.045037 0.102124
| 0.880362 0.569036 0.021140 0.096405