ਤੰ 0.060202 0.177492 0.067096 0.177696
ਬਾ 0.141544 0.193219 0.098039 0.165033
ਕੂ 0.221048 0.210580 0.065870 0.199755
ਨੋ 0.281097 0.165033 0.065870 0.190359
ਸ਼ੀ 0.370098 0.165033 0.102328 0.190359
ਰ 0.472120 0.182190 0.063725 0.139706
ਹਿ 0.545190 0.160335 0.084865 0.180964
ਤ 0.618719 0.178513 0.067096 0.160131
ਖੇ 0.706036 0.149306 0.081189 0.189951
ਤ 0.786152 0.163399 0.074142 0.136438
ਰ 0.866728 0.165850 0.091912 0.141340
ਇੱ 0.370711 0.398489 0.089461 0.191585
ਥੇ 0.449755 0.399101 0.075368 0.199346
ਤੰ 0.540901 0.395221 0.069547 0.185049
ਬਾ 0.619945 0.414011 0.100184 0.150735
ਕੂ 0.700674 0.442402 0.061275 0.210784
ਨੋ 0.763634 0.385825 0.069547 0.207108
ਸ਼ੀ 0.854933 0.396650 0.113051 0.200980
ਕ 0.286612 0.662377 0.053002 0.128676
ਰ 0.336091 0.657680 0.045956 0.138072
ਨਾ 0.396599 0.663194 0.079963 0.136846
ਅ 0.499694 0.662990 0.095588 0.127451
ਪ 0.578738 0.654412 0.067402 0.144608
ਰਾ 0.651195 0.659109 0.082414 0.128676
ਧ 0.731924 0.660743 0.079044 0.141748
ਹੈ 0.816176 0.626225 0.077819 0.200980
। 0.882200 0.666258 0.035233 0.142974