ੴ 0.453023 0.065411 0.086601 0.043199
ਸ਼ੁ 0.290237 0.109681 0.027369 0.030025
ਭ 0.313113 0.106618 0.020833 0.025123
ਕ 0.336193 0.106924 0.022876 0.024510
ਰ 0.355188 0.106618 0.020833 0.022059
ਮ 0.374387 0.106464 0.020016 0.023591
ਨ 0.394812 0.106464 0.023284 0.023591
ਤੇ 0.424224 0.104933 0.027369 0.029718
ਕ 0.450776 0.107230 0.024101 0.025123
ਬ 0.472222 0.106464 0.018791 0.026654
ਹੂੰ 0.491830 0.107230 0.022059 0.036152
ਨ 0.519608 0.105699 0.029412 0.025123
ਟ 0.545752 0.106924 0.022876 0.021446
ਰੋਂ 0.565155 0.105699 0.028186 0.030025
॥ 0.598652 0.108456 0.030637 0.030637
ਪੁ 0.294935 0.275429 0.118464 0.158701
ਸ 0.400123 0.259344 0.098448 0.124694
ਤ 0.490196 0.258578 0.089869 0.134191
ਕ 0.587010 0.258578 0.111928 0.134191
ਪ੍ਰ 0.239175 0.487132 0.101716 0.178309
ਦ 0.330882 0.461244 0.089869 0.131434
ਰ 0.416871 0.463235 0.079657 0.128676
ਸ਼ 0.505719 0.468597 0.100490 0.146140
ਨੀ 0.627451 0.448529 0.156863 0.164216
ਸਿੱ 0.253472 0.818627 0.037990 0.030637
ਖ 0.280637 0.823070 0.022876 0.023591
ਬੁੱ 0.316381 0.823836 0.023284 0.033088
ਕ 0.342116 0.824449 0.028186 0.022059
ਟ 0.376021 0.822457 0.024101 0.022978
ਰੱ 0.399306 0.817402 0.024101 0.029412
ਸ 0.420547 0.823683 0.026552 0.021752
ਟ 0.445057 0.822610 0.025735 0.025735
ਇੰ 0.485703 0.818474 0.035131 0.026042
ਟ 0.512459 0.821232 0.020016 0.021752
ਰ 0.533292 0.822763 0.023284 0.023591
ਨੈ 0.558211 0.820159 0.023284 0.030637
ਸ਼ 0.583946 0.823223 0.023284 0.025735
ਨ 0.607230 0.821538 0.023284 0.023591
ਲ 0.635212 0.820619 0.029412 0.020527
ਗੁ 0.189134 0.885723 0.047386 0.037990
ਰੂ 0.226716 0.884804 0.034314 0.053922
ਗੋ 0.271650 0.876379 0.037582 0.041973
ਬਿੰ 0.311275 0.874847 0.043301 0.045037
ਦ 0.350490 0.879289 0.038399 0.030637
ਸਿੰ 0.398080 0.876072 0.039624 0.043811
ਘ  0.441176 0.879442 0.042484 0.034620
ਸ 0.486315 0.879902 0.026552 0.031863
ਟੱ 0.518178 0.874081 0.031454 0.036152
ਡੀ 0.555964 0.873162 0.047386 0.040441
ਸ 0.602737 0.877757 0.029003 0.033701
ਰ 0.630719 0.875306 0.028595 0.027574
ਕ 0.661152 0.877145 0.033905 0.034926
ਲ 0.696078 0.878370 0.039216 0.031250
ਮਾ 0.215891 0.945925 0.032271 0.021140
ਡ 0.243668 0.946385 0.021650 0.023284
ਲ 0.268382 0.944393 0.027778 0.024203
ਟਾ 0.303922 0.946691 0.035131 0.023897
ਊ 0.333129 0.946998 0.024918 0.034314
ਨ 0.357639 0.946385 0.024101 0.023284
ਐ 0.389706 0.942555 0.030229 0.029105
ਕ 0.416054 0.945466 0.024101 0.027574
ਸ 0.439338 0.944700 0.024101 0.022365
ਟੈ 0.461397 0.943321 0.023284 0.029412
ਨ 0.483047 0.944393 0.020016 0.021752
ਸ਼ 0.505923 0.944700 0.022467 0.024816
ਨ 0.527574 0.943474 0.024101 0.023591
, 0.543096 0.951287 0.010212 0.011642
ਲੁ 0.571078 0.946385 0.026144 0.024510
ਧਿ 0.599877 0.942555 0.033088 0.026654
ਆ 0.633578 0.942862 0.035948 0.021140
ਣਾ 0.668096 0.941942 0.029820 0.025429
ਮੋ 0.300041 0.978860 0.022467 0.028186
ਬਾ 0.323325 0.979473 0.025735 0.024510
ਈ 0.349673 0.979167 0.026961 0.025123
ਲ 0.374796 0.980699 0.024918 0.019608
: 0.398489 0.980392 0.014297 0.017770
9 0.419730 0.980086 0.018382 0.019608
8 0.437296 0.980086 0.016748 0.022059
8 0.452819 0.980086 0.017565 0.019608
8 0.471201 0.979779 0.017565 0.018995
2 0.488971 0.980392 0.014706 0.018995
- 0.500613 0.977941 0.010212 0.009804
6 0.514910 0.979473 0.018382 0.019608
6 0.531454 0.979167 0.016340 0.018995
6 0.547998 0.979779 0.018382 0.021446
7 0.565972 0.977328 0.015931 0.026348
6 0.583129 0.979473 0.018382 0.020833