ਮੂ 0.368844 0.130503 0.031692 0.067296
ਲ 0.401511 0.123585 0.036568 0.066038
ਮੰ 0.444905 0.121698 0.035592 0.072327
ਤ 0.474159 0.130503 0.027791 0.054717
ਰ  0.502682 0.127358 0.029254 0.064780
ਦਾ 0.553389 0.132704 0.042906 0.062893
ਪਾ 0.608240 0.136164 0.042418 0.059748
ਠ 0.648464 0.133648 0.035105 0.052201
ੴ 0.168698 0.201258 0.087762 0.089308
ਸ 0.250609 0.210692 0.043881 0.076730
ਤਿ 0.297416 0.205031 0.057533 0.081761
ਨਾ 0.364456 0.213836 0.050219 0.067925
ਮੁ  0.411994 0.220126 0.042906 0.074214
ਕ 0.465627 0.220126 0.038030 0.064151
ਰ 0.500488 0.214465 0.031692 0.062893
ਤਾ 0.539493 0.217925 0.056070 0.059748
ਪੁ 0.600195 0.223899 0.039005 0.075472
ਰ 0.636275 0.219182 0.033155 0.059748
ਖੁ 0.670405 0.224214 0.039980 0.072327
ਨਿ 0.730619 0.214780 0.051195 0.078616
ਰ 0.770843 0.223270 0.034130 0.061635
ਭ 0.803754 0.229560 0.036568 0.064151
ਉ  0.843491 0.225472 0.047782 0.084906
ਨਿ 0.171867 0.305975 0.055095 0.084906
ਰ 0.216480 0.314465 0.034130 0.076730
ਵੈ 0.250609 0.304403 0.034130 0.081761
ਰੁ 0.288152 0.319811 0.039005 0.078616
ਅ 0.344954 0.321698 0.045344 0.078616
ਕਾ 0.394929 0.316981 0.049732 0.075472
ਲ  0.444417 0.317610 0.046319 0.064151
ਮੂ 0.499756 0.329245 0.042906 0.084906
ਰ 0.536324 0.323899 0.033155 0.067925
ਤਿ 0.578986 0.315094 0.057045 0.081761
ਅ 0.644807 0.325472 0.050219 0.064780
ਜੂ 0.686738 0.331761 0.041443 0.086164
ਨੀ 0.729644 0.320126 0.051195 0.088050
ਸੈ 0.791565 0.317610 0.041443 0.083019
ਭੰ 0.832033 0.320755 0.041443 0.076730
ਗੁ 0.370551 0.434591 0.047782 0.075472
ਰ 0.411994 0.422013 0.039980 0.081761
ਪ੍ਰ 0.467333 0.434591 0.041443 0.081761
ਸਾ 0.511458 0.430189 0.053632 0.069182
ਦਿ 0.568503 0.423585 0.058508 0.084906
॥ 0.632618 0.433962 0.032667 0.074214
ਜ 0.454656 0.545597 0.045344 0.064780
ਪੁ 0.497806 0.550314 0.048757 0.093082
॥ 0.556314 0.546226 0.034130 0.078616
ਆ 0.251097 0.669811 0.072160 0.074214
ਦਿ 0.321063 0.656289 0.065822 0.091195
ਸ 0.387128 0.668868 0.043881 0.072327
ਚੁ 0.429059 0.674528 0.049732 0.098742
ਜੁ 0.489517 0.679245 0.043881 0.086792
ਗਾ 0.540712 0.672956 0.058508 0.070440
ਦਿ 0.600195 0.663522 0.058508 0.093082
ਸ 0.664310 0.674528 0.042418 0.071069
ਚੁ 0.708191 0.677673 0.047294 0.098742
॥ 0.771575 0.675472 0.035592 0.075472
ਹੈ 0.101170 0.794025 0.055095 0.115094
ਭੀ 0.177962 0.795597 0.072160 0.099371
ਸ 0.249147 0.801258 0.043881 0.075472
ਚੁ 0.297416 0.810377 0.054608 0.103774
ਨਾ 0.365675 0.805660 0.062409 0.081761
ਨ 0.416382 0.805031 0.039005 0.089308
ਕ 0.460263 0.800943 0.048757 0.091195
ਹੋ 0.520478 0.791824 0.045344 0.094340
ਸੀ 0.572891 0.796226 0.059483 0.094340
ਭੀ 0.652121 0.798742 0.071672 0.093082
ਸ 0.722331 0.807233 0.046319 0.078616
ਚੁ 0.767431 0.815409 0.048757 0.097484
॥ 0.827157 0.806604 0.036568 0.079874
੧ 0.867138 0.807233 0.041443 0.078616
॥ 0.906387 0.806604 0.034130 0.083648