ਸੋ 0.506012 0.259895 0.051320 0.192681
ਕਿ 0.580645 0.274085 0.066276 0.207618
ਉ 0.636510 0.284914 0.053079 0.233757
ਮੰ 0.690029 0.287528 0.046334 0.200149
ਦਾ 0.741496 0.311426 0.054839 0.152353
ਆ 0.811584 0.315161 0.062463 0.153846
ਖੀ 0.864076 0.301344 0.050147 0.175504
ਐ  0.912170 0.303211 0.050147 0.192681
ਜਿ 0.513490 0.501494 0.068035 0.214339
ਤੁ 0.568475 0.544063 0.053079 0.202390
ਜੰ 0.628006 0.510082 0.048974 0.212099
ਮ 0.671114 0.536594 0.040762 0.168036
ਹਿ 0.723167 0.514937 0.065103 0.197909
ਰਾ 0.791202 0.542569 0.057478 0.156087
ਜਾ 0.844721 0.545183 0.054839 0.165795
ਨ 0.891935 0.547423 0.045455 0.176251
॥ 0.943988 0.553771 0.045161 0.159074
ਗੁ 0.092962 0.805452 0.053959 0.088872
ਰ 0.143255 0.796863 0.042522 0.071695
ਦੁ 0.190029 0.799104 0.047507 0.086632
ਆ 0.249267 0.795743 0.070968 0.084391
ਰਾ 0.314956 0.795743 0.058651 0.069455
ਸ੍ਰੀ 0.399120 0.797984 0.058651 0.108290
ਗੁ 0.476246 0.803958 0.046334 0.076923
ਰੂ 0.520674 0.802838 0.039003 0.098581
ਸਿੰ 0.587830 0.794249 0.059531 0.100822
ਘ 0.644721 0.799477 0.050147 0.076923
ਸ 0.702639 0.797984 0.041642 0.060493
ਭਾ 0.749120 0.795743 0.053079 0.064974
( 0.804545 0.806572 0.023754 0.091113
ਰ 0.834311 0.802838 0.039883 0.065721
ਜਿ 0.880645 0.792009 0.052786 0.087379
: 0.909824 0.775205 0.003812 0.019417
) 0.917009 0.801718 0.021701 0.081404
ਈ 0.937390 0.804332 0.031965 0.086632
ਬ 0.087830 0.879761 0.047214 0.074683
ਲਾ 0.136070 0.878641 0.026393 0.076923
ਕ  0.171554 0.877521 0.038710 0.055265
ਭਾ 0.207625 0.877521 0.031085 0.065721
ਈ 0.250587 0.872666 0.037830 0.056012
ਰ 0.286950 0.871546 0.034897 0.067214
ਣ 0.331818 0.875280 0.020821 0.050784
ਧੀ 0.356598 0.874160 0.026393 0.042569
ਰ 0.387243 0.869679 0.036070 0.045556
ਸਿੰ 0.417155 0.871173 0.026100 0.042569
ਘ 0.459677 0.866318 0.037243 0.055265
ਨ 0.493842 0.874160 0.031085 0.045556
ਗ 0.528446 0.872666 0.025220 0.045556
ਰ  0.553372 0.869679 0.026979 0.045556
, 0.576979 0.869679 0.021408 0.042569
ਲੁ 0.595748 0.886109 0.011437 0.030620
ਧਿ 0.623314 0.874907 0.026686 0.047050
ਆ  0.653226 0.867438 0.031965 0.050037
ਣਾ 0.685924 0.868932 0.033431 0.056012
। 0.718475 0.868932 0.032845 0.047050
ਫੋ 0.741202 0.873413 0.011437 0.047050
ਨ 0.765103 0.865198 0.023460 0.048544
: 0.787537 0.867438 0.021408 0.044063
2 0.805572 0.875653 0.011730 0.048544
4 0.828299 0.869679 0.019062 0.045556
5 0.848240 0.867438 0.018475 0.047050
7 0.868768 0.871173 0.017302 0.042569
5 0.886364 0.868185 0.016716 0.051531
0 0.905132 0.866692 0.016129 0.048544
0 0.922874 0.865945 0.019355 0.050037
0 0.942962 0.870426 0.017302 0.050037
 