ਪਾ 0.465899 0.282929 0.052946 0.162045
ਪਾ 0.519892 0.275997 0.055040 0.181109
ਬਾ 0.583608 0.275997 0.056835 0.158579
ਝ 0.629973 0.277730 0.039485 0.162045
ਹੁ 0.668112 0.289861 0.046366 0.203640
ਹੋ 0.724499 0.246534 0.039485 0.212305
ਵੈ 0.763087 0.238302 0.045468 0.223570
ਨਾ 0.824409 0.267764 0.059827 0.159445
ਹੀ 0.885133 0.245234 0.059827 0.204506
ਮੁ 0.428358 0.544194 0.045468 0.209705
ਇ 0.480407 0.502166 0.055040 0.226170
ਆ 0.539785 0.528596 0.063715 0.173310
ਸਾ 0.611128 0.532062 0.059827 0.173310
ਥਿ 0.671552 0.506499 0.064613 0.229636
ਨ 0.738409 0.524697 0.055938 0.181109
ਜਾ 0.803171 0.527296 0.063416 0.175910
ਈ 0.864942 0.508232 0.065510 0.243501
॥ 0.934939 0.526430 0.052946 0.207106
ਗੁ 0.067903 0.831889 0.052049 0.086655
ਰ 0.110230 0.826690 0.038588 0.091854
ਦੁ 0.147921 0.826690 0.040383 0.086655
ਆ 0.197727 0.829289 0.062818 0.081456
ਰਾ 0.256506 0.821057 0.060724 0.080589
ਸ੍ਰੀ 0.332336 0.822790 0.059827 0.111785
ਗੁ 0.402184 0.829289 0.049357 0.086655
ਰੂ 0.447502 0.826690 0.047263 0.109185
ਸਿੰ 0.518546 0.818458 0.063715 0.092721
ਘ 0.577027 0.823657 0.055040 0.075390
ਸ 0.638199 0.833622 0.044571 0.077990
ਭਾ 0.690847 0.829289 0.060724 0.086655
( 0.753515 0.834922 0.029913 0.097920
ਰ 0.790159 0.833622 0.043374 0.083189
ਜਿ 0.845648 0.827990 0.067604 0.106586
: 0.890966 0.840555 0.019444 0.091854
) 0.917140 0.833622 0.034699 0.095321
ਈ 0.062070 0.900780 0.038588 0.066724
ਬ 0.100509 0.905546 0.024529 0.045061
ਲਾ 0.129225 0.901646 0.031110 0.044194
ਕ  0.158391 0.905113 0.028418 0.042461
ਭਾ 0.195483 0.902513 0.032007 0.045927
ਈ 0.230033 0.899480 0.036494 0.053726
ਰ 0.266078 0.902946 0.023033 0.046794
ਣ 0.290458 0.901646 0.023931 0.052860
ਧੀ 0.317080 0.900347 0.031708 0.055459
ਰ 0.345648 0.902513 0.026623 0.051127
ਸਿੰ 0.386031 0.898614 0.034400 0.053726
ਘ 0.419533 0.905546 0.030811 0.048527
ਨ 0.453036 0.904679 0.022435 0.046794
ਗ 0.478163 0.908146 0.026623 0.048527
ਰ 0.503739 0.905546 0.024529 0.045061
, 0.521837 0.920277 0.011666 0.038128
ਲੁ 0.550254 0.910312 0.029614 0.052860
ਧਿ 0.583009 0.902513 0.032306 0.064991
ਆ 0.617709 0.907712 0.038887 0.049393
ਣਾ 0.655250 0.909445 0.036195 0.051127
। 0.679330 0.912478 0.013162 0.057192
ਫੋ 0.707598 0.906412 0.025426 0.064125
ਨ 0.733174 0.909879 0.027520 0.053726
: 0.752169 0.913778 0.012863 0.051127
2 0.782082 0.914211 0.022435 0.057192
4 0.805863 0.916378 0.022136 0.052860
5 0.827999 0.913345 0.020939 0.055459
7 0.850135 0.912045 0.022136 0.058059
5 0.874813 0.915945 0.019444 0.055459
0 0.897398 0.917678 0.023332 0.055459
0 0.921926 0.919844 0.023332 0.051127