ਕਿ 0.253989 0.249755 0.071809 0.070939
ਸਾ 0.304854 0.239481 0.039229 0.061155
ਨ 0.351396 0.234589 0.040559 0.053327
ਹਿੱ 0.415559 0.224315 0.057181 0.062133
ਤ 0.466755 0.220890 0.047872 0.069961
ਪ੍ਰ 0.544880 0.236301 0.055186 0.067515
ਥ 0.590093 0.234834 0.040559 0.059687
ਮੈ 0.642620 0.235323 0.061835 0.062622
ਦ 0.351396 0.312622 0.071144 0.057730
ਫ਼ 0.420545 0.315802 0.060505 0.059198
ਤ 0.485040 0.313845 0.060505 0.053327
ਰ 0.560173 0.313845 0.079122 0.056262
ਖੇ 0.199136 0.395303 0.073803 0.092955
ਤੀ 0.280253 0.393102 0.077793 0.093444
ਬਾ 0.362035 0.403131 0.085771 0.077299
ੜੀ 0.443816 0.400196 0.081782 0.100783
ਅ 0.539894 0.406311 0.089096 0.080724
ਫ਼ 0.618019 0.409491 0.061835 0.083170
ਸ 0.682846 0.407045 0.065160 0.084149
ਰ 0.750000 0.408513 0.061170 0.077299
ਬ 0.267287 0.481409 0.047872 0.045988
ਲਾ 0.317487 0.478718 0.052527 0.043542
ਕ 0.367686 0.478474 0.043883 0.043053
ਲੁ 0.466755 0.485812 0.051862 0.044031
ਧਿ 0.525598 0.478718 0.056516 0.051370
ਆ 0.588431 0.482143 0.063830 0.047456
ਣਾ 0.652593 0.485323 0.051197 0.045010