ਬਾ 0.149731 0.152157 0.049816 0.117412
ਬਾ 0.200255 0.150958 0.054628 0.103834
ਦੇ 0.254458 0.134984 0.038494 0.135783
ਖੈ 0.291678 0.141374 0.041608 0.159744
ਧਿ 0.119162 0.285144 0.050948 0.138978
ਆ 0.169120 0.299920 0.052930 0.114217
ਨ 0.217237 0.297125 0.041608 0.119808
ਧ 0.264365 0.294329 0.035664 0.114217
ਰਿ 0.310643 0.289137 0.058590 0.140575
ਜ 0.036088 0.450080 0.035947 0.117412
ਲ 0.072460 0.448882 0.036796 0.103834
ਤੀ 0.116756 0.443291 0.051797 0.135783
ਸ 0.172799 0.454473 0.037645 0.103834
ਭਿ 0.220068 0.443690 0.054628 0.146166
ਪ੍ਰਿ 0.286442 0.456869 0.053779 0.162939
ਥ  0.329890 0.459665 0.034815 0.114217
ਵੀ 0.375318 0.444888 0.053779 0.132588
ਦਿ 0.113926 0.603435 0.055760 0.146166
ਸਿ 0.172799 0.602236 0.060289 0.143770
ਆ 0.237051 0.620607 0.058590 0.116613
ਈ 0.293094 0.607029 0.057458 0.143770
ਗ 0.420181 0.744409 0.022927 0.060703
ੜ 0.442117 0.742812 0.023210 0.054313
ਬ 0.466176 0.747604 0.019247 0.060703
ਗ 0.485706 0.747604 0.018681 0.060703
ਦਾ 0.507501 0.746006 0.024908 0.060703
ਦ 0.530144 0.746006 0.021511 0.060703
ਨਿ 0.559864 0.743610 0.026606 0.071885
ਵਾ 0.585621 0.750799 0.024908 0.060703
ਇ 0.611378 0.746006 0.027738 0.076677
ਕੈ 0.636003 0.744409 0.022644 0.083067
ਮ 0.661761 0.756390 0.020945 0.062300
ਕਾ 0.684970 0.753994 0.028871 0.067093
ਮ 0.715822 0.756390 0.020379 0.059105
ਦੀ 0.739315 0.750799 0.026606 0.083067
ਨਾ 0.764506 0.754792 0.027172 0.059105
ਸ 0.794509 0.761182 0.021511 0.065495
ਭ 0.815454 0.755591 0.021511 0.060703
ਨਿ 0.845457 0.753994 0.029437 0.076677
ਵਾ 0.872913 0.758786 0.026606 0.063898
ਇ 0.899519 0.753994 0.027738 0.076677
ਆ 0.928673 0.764377 0.031701 0.068690
॥ 0.964053 0.768371 0.018681 0.063898
ਗੁ 0.065384 0.845847 0.045287 0.081470
ਰ 0.105859 0.844249 0.036796 0.065495
ਦੁ 0.144070 0.851438 0.043023 0.076677
ਆ 0.196434 0.845847 0.061704 0.068690
ਰਾ 0.257005 0.845847 0.053779 0.062300
ਸ੍ਰੀ 0.332862 0.852236 0.062836 0.094249
ਗੁ 0.403340 0.860224 0.047552 0.071885
ਰੂ 0.448627 0.865016 0.043023 0.084665
ਸਿੰ 0.518256 0.848243 0.062270 0.089457
ਘ 0.574299 0.858626 0.053213 0.078275
ਸ 0.637136 0.866613 0.045287 0.071885
ਭਾ 0.690631 0.865815 0.061704 0.067093
( 0.753750 0.874601 0.028305 0.081470
ਰ 0.787716 0.871406 0.041891 0.062300
ਜਿ 0.844891 0.864217 0.065667 0.079872
: 0.888763 0.883387 0.019813 0.063898
) 0.913671 0.874601 0.026606 0.091054
ਈ 0.061987 0.915335 0.035098 0.054313
ਬ 0.099632 0.921725 0.024342 0.044728
ਲਾ 0.128786 0.922524 0.032833 0.046326
ਕ 0.158789 0.921725 0.027172 0.044728
ਭਾ 0.196434 0.922524 0.032267 0.039936
ਈ 0.229833 0.922524 0.034532 0.049521
ਰ 0.267195 0.925719 0.024342 0.043131
ਣ 0.290688 0.928115 0.024908 0.041534
ਧੀ 0.317011 0.927316 0.033399 0.052716
ਰ 0.346731 0.929712 0.024908 0.044728
ਸਿੰ 0.386357 0.927316 0.037362 0.055911
ਘ 0.418907 0.932907 0.030003 0.047923
ਨ 0.453722 0.935304 0.023776 0.046326
ਗ 0.478347 0.936102 0.026606 0.047923
ਰ 0.503821 0.936102 0.025474 0.044728
, 0.520238 0.952875 0.010756 0.030351
ਲੁ 0.549391 0.940096 0.028305 0.049521
ਧਿ 0.581093 0.935304 0.035098 0.059105
ਆ 0.616756 0.941693 0.037362 0.046326
ਣਾ 0.653269 0.940096 0.033399 0.049521
। 0.677328 0.943291 0.010190 0.055911
ਫੋ 0.705067 0.940096 0.024908 0.055911
ਨ 0.729975 0.946486 0.026040 0.043131
: 0.748939 0.953674 0.010756 0.051118
2 0.778658 0.948882 0.021511 0.047923
4 0.801302 0.950479 0.023776 0.051118
5 0.824512 0.951278 0.020379 0.049521
7 0.847155 0.950479 0.022644 0.044728
5 0.868667 0.953674 0.020379 0.051118
0 0.891877 0.954473 0.023776 0.049521
0 0.915935 0.956869 0.024342 0.047923