ਸ 0.085321 0.246437 0.099629 0.236309
ਕੂ 0.185745 0.280570 0.101219 0.304576
ਟ 0.282989 0.229182 0.105988 0.242311
ਰ  0.400106 0.229182 0.130366 0.239310
ਸ 0.550079 0.220555 0.130366 0.237059
ਟੈਂ 0.671701 0.187172 0.123476 0.308327
ਡ 0.812401 0.226932 0.162162 0.269317
ਕਾ 0.126391 0.682296 0.143614 0.251313
ਰ 0.259141 0.678545 0.125066 0.255814
ਪਾ 0.415474 0.681170 0.156863 0.261065
ਰ 0.543720 0.668417 0.108108 0.261065
ਕਿੰ 0.678060 0.653788 0.141494 0.356339
ਗ 0.828564 0.685671 0.174351 0.264066