ਖੇ 0.051734 0.201949 0.053661 0.288751
ਤੀ 0.108212 0.199734 0.059294 0.264836
ਬਾ 0.165431 0.212135 0.057516 0.234721
ੜੀ 0.225319 0.199291 0.064038 0.271036
ਦੇ 0.292173 0.180248 0.052476 0.291408
ਇ 0.358583 0.193534 0.063149 0.259522
ਤਿ 0.428106 0.190434 0.064038 0.260407
ਹਾ 0.488289 0.217892 0.054551 0.223206
ਸ 0.539875 0.214792 0.048621 0.234721
ਦਾ 0.600208 0.207706 0.060184 0.213463
ਅ 0.660984 0.205049 0.055440 0.197520
ਜਾ 0.718352 0.199291 0.059294 0.219663
ਇ 0.775571 0.177591 0.057516 0.263065
ਬ 0.829232 0.198849 0.051586 0.231178
ਘ 0.890898 0.193534 0.054551 0.208149
ਰਾਂ 0.941150 0.192205 0.055440 0.228521
ਅ 0.298844 0.466342 0.060480 0.188663
ਤੇ 0.355173 0.441984 0.046843 0.224978
ਪ੍ਰ 0.415061 0.484942 0.055737 0.202834
ਸਿੱ 0.476282 0.436670 0.069078 0.214349
ਧੀ 0.545508 0.439327 0.079454 0.209035
ਹਾ 0.632671 0.453499 0.069967 0.168291
ਲ 0.698192 0.445084 0.068782 0.174491
ਮ 0.086570 0.717892 0.056330 0.165633
ਹਿੰ 0.145420 0.678919 0.063149 0.197520
ਦ 0.198933 0.696191 0.048028 0.186005
ਰ 0.247258 0.699291 0.056330 0.169176
ਸਿੰ 0.322710 0.674934 0.067892 0.200177
ਘ 0.385414 0.696634 0.061073 0.174491
ਰੰ 0.454788 0.678919 0.056330 0.197520
ਧਾ 0.522680 0.682019 0.077676 0.168291
ਵਾ 0.602579 0.678919 0.082123 0.174491
ਲਾ 0.694337 0.674934 0.076490 0.154119
ਇ 0.765046 0.657662 0.063149 0.199291
ਬ੍ਰੇ 0.825823 0.666519 0.052476 0.245350
ਰੀ 0.889861 0.649247 0.077379 0.182462