ਟੋ 0.252216 0.052302 0.123227 0.085218
ਮਾ 0.379876 0.062399 0.146277 0.071486
ਟੋ 0.509752 0.053918 0.125887 0.094911
ਸੂ 0.667996 0.074919 0.109043 0.093296
ਪ 0.785461 0.063207 0.140071 0.066640
ਨਿ 0.304965 0.159532 0.159574 0.088853
ਊ 0.439716 0.168821 0.115248 0.113086
ਡ 0.542110 0.164984 0.101950 0.074717
ਲ 0.647606 0.168013 0.116135 0.074313
ਜ਼ 0.766844 0.166397 0.136525 0.080775
ਮ 0.235372 0.268982 0.116135 0.077544
ਨ 0.337323 0.268376 0.094858 0.073102
ਚੂ 0.434397 0.276656 0.099291 0.099354
ਰੀ 0.560727 0.259693 0.139184 0.092892
ਅ 0.688830 0.268982 0.129433 0.068659
ਨ 0.811170 0.269790 0.122340 0.070275
ਚੀ 0.255762 0.359855 0.156915 0.088853
ਜ਼ 0.388298 0.369952 0.136525 0.068659
ਫਿੰ 0.574468 0.360662 0.166667 0.092892
ਗ 0.700355 0.372173 0.118794 0.069871
ਰ 0.808067 0.367730 0.116135 0.066640
ਸ 0.209663 0.467084 0.112589 0.066640
ਪ 0.313387 0.466276 0.101950 0.077948
ਰਿੰ 0.434840 0.456987 0.153369 0.090065
ਗ 0.576241 0.467084 0.136525 0.069871
ਰੋ 0.721188 0.462439 0.105496 0.094507
ਲ 0.835106 0.469507 0.129433 0.068255
ਫ 0.139628 0.565630 0.116135 0.065024
ਰੈਂ 0.257092 0.557149 0.125887 0.091680
ਚ 0.369681 0.566438 0.140071 0.069871
ਫ 0.519947 0.565630 0.112589 0.068255
ਰਾ 0.637411 0.564822 0.143617 0.073102
ਈ 0.777039 0.557149 0.142730 0.085218
ਜ਼ 0.903369 0.568053 0.129433 0.069871
ਵੈ  0.288121 0.654281 0.132979 0.080775
ਜ 0.410904 0.660541 0.119681 0.071486
ਪੀ 0.581117 0.658118 0.153369 0.085218
ਜ਼ਾ 0.727394 0.664176 0.153369 0.069871
ਪ 0.233599 0.759087 0.112589 0.066640
ਨੀ 0.356383 0.754443 0.140071 0.085622
ਰ  0.472074 0.762924 0.119681 0.065428
ਪੀ 0.639184 0.754443 0.159574 0.085622
ਜ਼ਾ 0.787677 0.763732 0.164007 0.072698
ਮ 0.230053 0.858441 0.119681 0.066640
ਸਾ 0.349291 0.857633 0.132979 0.068255
ਲਾ 0.487145 0.856826 0.149823 0.069871
ਡੋ 0.661348 0.850767 0.115248 0.085218
ਸਾ 0.797429 0.863288 0.164007 0.066640
ਵੈ 0.316933 0.941640 0.116135 0.086834
ਜ 0.429521 0.952544 0.116135 0.065024
ਡੋ  0.572252 0.946284 0.109043 0.087237
ਸਾ 0.705674 0.959612 0.163121 0.063813