ਥਾ 0.153975 0.109091 0.046862 0.056566
ਣਾ 0.198745 0.108081 0.046025 0.051852
ਡ 0.243096 0.105724 0.032636 0.051178
ਵੀ 0.278661 0.096633 0.041841 0.069360
ਜ 0.311715 0.102357 0.030962 0.053872
ਨ 0.342259 0.103704 0.033473 0.057912
ਨੰ 0.384937 0.088889 0.033473 0.071380
. 0.407950 0.114815 0.019247 0.024916
5 0.448954 0.095960 0.037657 0.055892
ਕ 0.587029 0.093939 0.027615 0.046465
ਮਿ 0.617992 0.082492 0.034310 0.059933
ਸ਼ 0.646862 0.089226 0.025105 0.047811
ਨ 0.670711 0.087542 0.025941 0.045791
ਰੇ 0.693724 0.080471 0.025105 0.062626
ਟ 0.720921 0.083502 0.027615 0.051178
ਲੁ 0.754393 0.089226 0.032636 0.057239
ਧਿ 0.788285 0.075421 0.033473 0.059259
ਆ 0.824686 0.078788 0.042678 0.047138
ਣਾ 0.866527 0.074747 0.041004 0.051178
ਸੂ 0.424268 0.218519 0.060251 0.097643
ਚ 0.485774 0.201010 0.062762 0.066667
ਨਾ 0.563180 0.198990 0.093724 0.069360
ਆ 0.182845 0.360269 0.062762 0.056566
ਮ 0.233473 0.357239 0.040167 0.057239
ਜ 0.287029 0.358923 0.040167 0.055219
ਨ 0.325105 0.353535 0.035983 0.061953
ਤਾ 0.369456 0.354545 0.057741 0.054545
ਨੂੰ 0.436820 0.353199 0.050209 0.101684
ਸੂ 0.492887 0.361953 0.040167 0.080135
ਚਿ 0.540167 0.339057 0.051046 0.074747
ਤ 0.585356 0.347138 0.047699 0.054545
ਕੀ 0.650628 0.336027 0.056067 0.079461
ਤਾ 0.705439 0.343098 0.058577 0.057239
ਜਾਂ 0.780753 0.334007 0.055230 0.070034
ਦਾ 0.837238 0.338721 0.059414 0.059259
ਹੈ 0.187448 0.449158 0.041841 0.075421
ਕਿ 0.253556 0.449832 0.056904 0.072727
ਪੁ 0.312971 0.462290 0.041841 0.072054
ਲਿ 0.361925 0.445791 0.054393 0.070034
ਸ 0.408368 0.452862 0.041841 0.057239
ਸ 0.460251 0.453535 0.040167 0.059933
ਹਾ 0.505021 0.450505 0.054393 0.056566
ਇ 0.556904 0.441077 0.052720 0.075421
ਤਾ 0.611297 0.449832 0.057741 0.061953
ਲ 0.676987 0.447811 0.046862 0.057912
ਈ 0.728033 0.436364 0.060251 0.079461
ਹੁ 0.791632 0.451515 0.040167 0.070707
ਣ 0.833473 0.441414 0.048536 0.069360
1 0.165690 0.559933 0.026778 0.062626
0 0.196653 0.557239 0.033473 0.057239
0 0.233473 0.557576 0.035146 0.057912
ਨੰ 0.284937 0.547475 0.037657 0.074074
ਬ 0.319247 0.557912 0.035983 0.057239
ਰ 0.357322 0.552862 0.040167 0.057912
ਦੀ 0.420502 0.545118 0.056067 0.077441
ਜ 0.482008 0.554209 0.040167 0.060606
ਗਾ 0.534728 0.562626 0.061925 0.076094
ਤੇ 0.602092 0.541077 0.047699 0.076094
1 0.654812 0.547811 0.029289 0.061279
1 0.682008 0.548485 0.030126 0.065320
2 0.718410 0.548148 0.042678 0.059259
ਨੰ 0.776569 0.538384 0.043515 0.078788
ਬ 0.813389 0.549832 0.040167 0.062626
ਰ 0.851464 0.544108 0.042678 0.060606
ਡਾ 0.282427 0.655892 0.052720 0.060606
ਇ 0.333473 0.646801 0.052720 0.074747
ਲ 0.383682 0.653535 0.049372 0.061279
ਕੀ 0.447280 0.645118 0.054393 0.076768
ਤਾ 0.502092 0.653535 0.056904 0.055892
ਜਾ 0.572803 0.652189 0.054393 0.055892
ਵੇ 0.622176 0.643098 0.044351 0.079461
ਜੀ 0.689958 0.641077 0.059414 0.075421
। 0.737238 0.652862 0.023431 0.059933
ਕੰ 0.150209 0.808754 0.020921 0.032323
ਟ 0.166527 0.812458 0.016736 0.024916
ਰੋ 0.180335 0.808081 0.015900 0.032323
ਲ 0.197071 0.812795 0.019247 0.026936
ਰੂ 0.219665 0.817172 0.017573 0.032997
ਮ 0.235565 0.811448 0.017573 0.025589
1 0.258577 0.810438 0.016736 0.030303
1 0.271967 0.809764 0.013389 0.030303
2 0.287029 0.809764 0.023431 0.030303
ਮੁੱ 0.149791 0.855219 0.016736 0.037710
ਖ 0.166527 0.855556 0.020084 0.024916
ਮੁ 0.189958 0.859259 0.018410 0.030976
ਨ 0.205021 0.855892 0.016736 0.025589
ਸ਼ੀ 0.225105 0.853872 0.025105 0.030976
7 0.252720 0.853872 0.018410 0.028283
8 0.270711 0.853872 0.017573 0.029630
3 0.288285 0.854545 0.020921 0.026936
7 0.305439 0.853535 0.018410 0.030303
0 0.323431 0.853872 0.019247 0.029630
- 0.340586 0.854882 0.015063 0.010101
1 0.356067 0.853199 0.012552 0.030976
8 0.371967 0.854545 0.019247 0.026936
9 0.389958 0.854882 0.016736 0.027609
0 0.407113 0.853872 0.019247 0.029630
5 0.425105 0.853872 0.020084 0.028283
ਮੁੱ 0.150209 0.900337 0.017573 0.033670
ਖ 0.166109 0.900673 0.019247 0.024916
ਅ 0.192050 0.901010 0.022594 0.024242
ਫ਼ 0.210460 0.901684 0.014226 0.025589
ਸ 0.224268 0.902020 0.015063 0.024916
ਰ 0.240167 0.899327 0.015063 0.027609
7 0.264017 0.898990 0.017573 0.030976
8 0.283682 0.898653 0.018410 0.030303
3 0.300837 0.899327 0.019247 0.027609
7 0.316736 0.898990 0.019247 0.030976
0 0.334728 0.898653 0.020084 0.028956
- 0.353138 0.898653 0.016736 0.012795
1 0.367782 0.898316 0.012552 0.029630
8 0.384519 0.898653 0.017573 0.030303
6 0.401674 0.898653 0.020084 0.030303
0 0.418410 0.900337 0.018410 0.026936
5 0.436820 0.898316 0.021757 0.030976
ਸ 0.484100 0.854882 0.019247 0.024916
ਹਾ 0.503766 0.854545 0.020084 0.025589
ਇ 0.525105 0.850505 0.022594 0.030976
ਕ 0.544770 0.854882 0.020084 0.027609
ਕ 0.569038 0.854545 0.020084 0.024242
ਮਿ 0.589121 0.851852 0.021757 0.029630
ਸ਼ 0.607113 0.854882 0.015900 0.028956
ਨ 0.623431 0.855219 0.016736 0.025589
ਰ 0.638912 0.854882 0.017573 0.026263
ਲੁ 0.662343 0.857912 0.019247 0.029630
ਧਿ 0.682427 0.852525 0.022594 0.032323
ਆ 0.705858 0.854209 0.025941 0.024916
ਣਾ 0.731799 0.854882 0.025941 0.026263
( 0.757322 0.856566 0.011715 0.032323
ਸਿ 0.773222 0.852189 0.023431 0.032997
ਵ 0.792469 0.855556 0.015063 0.027609
ਲ 0.810042 0.855219 0.020084 0.025589
ਲਾ 0.837238 0.854209 0.025941 0.023569
ਈ 0.862343 0.852525 0.022594 0.030976
ਨ 0.882845 0.854882 0.016736 0.026263
) 0.897071 0.855556 0.011715 0.031650
7 0.718828 0.896296 0.020084 0.029630
8 0.738494 0.897643 0.019247 0.028283
3 0.756485 0.897306 0.018410 0.028956
7 0.772803 0.896970 0.017573 0.032323
0 0.791632 0.897980 0.020084 0.031650
- 0.809623 0.899663 0.019247 0.013468
1 0.826360 0.897643 0.012552 0.029630
8 0.842259 0.897643 0.019247 0.026936
5 0.858996 0.898653 0.022594 0.027609
1 0.876151 0.898653 0.015063 0.030303
2 0.893724 0.899327 0.025105 0.031650