ਚੰ 0.055176 0.307943 0.069336 0.165365
ਗੀ 0.143066 0.306641 0.104492 0.157552
ਸੋ 0.237793 0.296224 0.065430 0.180990
ਚ 0.305664 0.320312 0.078125 0.125000
ਆ 0.414551 0.326172 0.125977 0.123698
ਦ 0.510254 0.324870 0.069336 0.115885
ਮੀ 0.589355 0.307292 0.098633 0.174479
ਨੂੰ 0.673828 0.330729 0.068359 0.216146
ਹ 0.743652 0.326823 0.055664 0.125000
ਮੇ 0.803223 0.307943 0.065430 0.165365
ਸ਼ਾਂ 0.888672 0.317057 0.109375 0.144531
ਚੰ 0.089844 0.470052 0.070312 0.151042
ਗਾ 0.182129 0.488932 0.120117 0.126302
ਰ 0.284668 0.490885 0.065430 0.125000
ਸ 0.354004 0.496745 0.073242 0.134115
ਤਾ 0.443359 0.495443 0.107422 0.131510
ਦਿ 0.549316 0.484375 0.088867 0.153646
ਖਾ 0.636230 0.502604 0.092773 0.125000
ਉਂ 0.710449 0.505208 0.061523 0.187500
ਦੀ 0.792969 0.486979 0.105469 0.166667
ਹੈ 0.888672 0.483724 0.085938 0.173177