ਕਿ 0.288934 0.272102 0.102459 0.206287
- 0.373975 0.313360 0.049180 0.100196
ਕਿ 0.467213 0.279961 0.106557 0.198428
ਰ 0.559426 0.301572 0.081967 0.170923
ਦਾ 0.650615 0.297642 0.106557 0.163065
ਰ 0.747951 0.305501 0.088115 0.166994
ਤਾ 0.334529 0.511788 0.126025 0.186640
- 0.417520 0.522593 0.037910 0.098232
ਤਾ 0.503586 0.514735 0.107582 0.180747
ਕ 0.596311 0.521611 0.079918 0.182711
ਤ 0.684939 0.515717 0.101434 0.186640
ਬ 0.359119 0.772102 0.095287 0.220039
- 0.442111 0.780943 0.039959 0.123772
ਬ 0.504098 0.785855 0.077869 0.227898
ਰਾ 0.593750 0.786837 0.103484 0.225933
ਬ 0.687500 0.790766 0.081967 0.229862
ਰ 0.766393 0.787819 0.077869 0.235756
ਤਾ 0.867828 0.791749 0.122951 0.235756