ਚੰ 0.110352 0.145182 0.080078 0.144531
ਗੀ 0.202148 0.146484 0.103516 0.157552
ਆਂ 0.305664 0.147786 0.103516 0.149740
ਕਿ 0.405273 0.146484 0.083984 0.157552
ਤਾ 0.486328 0.166667 0.082031 0.122396
ਬਾਂ 0.582520 0.139323 0.110352 0.169271
ਪ 0.682129 0.160156 0.071289 0.130208
ੜ 0.751465 0.179688 0.071289 0.158854
ਨਾ 0.856445 0.164062 0.140625 0.132812
ਕਿ 0.087402 0.304036 0.084961 0.147135
ਸੇ 0.158203 0.303385 0.062500 0.151042
ਮ 0.217285 0.319010 0.057617 0.122396
ਹਾ 0.280762 0.320964 0.073242 0.115885
ਨ 0.346680 0.319661 0.060547 0.118490
ਵਿ 0.426758 0.317708 0.093750 0.158854
ਅ 0.518066 0.325521 0.090820 0.135417
ਕ 0.593262 0.324870 0.065430 0.131510
ਤੀ 0.686035 0.309245 0.120117 0.147135
ਨਾ 0.815430 0.330729 0.123047 0.119792
ਲ 0.932129 0.324219 0.112305 0.122396
ਗੱ 0.093750 0.467448 0.074219 0.161458
ਲ 0.159180 0.475260 0.064453 0.130208
ਕ 0.223633 0.478516 0.064453 0.128906
ਰ 0.282227 0.481771 0.056641 0.138021
ਨ 0.344238 0.481120 0.071289 0.134115
ਸ 0.419922 0.486979 0.072266 0.127604
ਮਾ 0.504883 0.487630 0.095703 0.128906
ਨ 0.591797 0.486979 0.085938 0.143229
ਹੈ 0.683105 0.468099 0.092773 0.175781