ਮ 0.199219 0.184245 0.087891 0.108073
ਜ 0.280762 0.185547 0.073242 0.105469
ਹ 0.356445 0.184896 0.074219 0.111979
ਬ 0.434082 0.190755 0.083008 0.113281
ਨ 0.527832 0.188802 0.084961 0.106771
ਹੀਂ 0.621582 0.176432 0.102539 0.131510
ਸਿ 0.721191 0.177083 0.090820 0.132812
ਖਾ 0.812012 0.186849 0.088867 0.108073
ਤਾ 0.904297 0.189453 0.093750 0.110677
ਆ 0.221680 0.340495 0.113281 0.115885
ਪ 0.312500 0.339193 0.066406 0.115885
ਸ 0.378418 0.334635 0.073242 0.117188
ਮੇ 0.465332 0.326172 0.083008 0.134115
ਵੈ 0.548340 0.320964 0.067383 0.144531
ਰ 0.614258 0.336589 0.064453 0.108073
ਰੱ 0.683105 0.325521 0.061523 0.125000
ਖ 0.746094 0.337891 0.068359 0.105469
ਣਾ 0.827637 0.338542 0.096680 0.114583
. 0.884766 0.371745 0.019531 0.048177
. 0.910645 0.365234 0.020508 0.045573
. 0.937988 0.363932 0.022461 0.048177
ਸ 0.050781 0.489583 0.066406 0.117188
ਰ 0.107422 0.487630 0.048828 0.108073
ਕਾ 0.169922 0.482422 0.074219 0.118490
ਰੀ 0.248047 0.475260 0.082031 0.122396
ਹਾ 0.330566 0.481120 0.071289 0.108073
ਈ 0.408691 0.472656 0.079102 0.119792
ਸ 0.479980 0.480469 0.057617 0.101562
ਕੂ 0.530762 0.492839 0.053711 0.131510
ਲ 0.591797 0.479818 0.068359 0.102865
ਚਿੱ 0.665039 0.468750 0.072266 0.127604
ਬ 0.723145 0.481120 0.047852 0.100260
ੜਾਂ 0.779785 0.478516 0.071289 0.131510
ਵਾ 0.847168 0.474609 0.067383 0.105469
ਲੀ 0.920410 0.470703 0.083008 0.113281
ਵੱ 0.411621 0.621745 0.063477 0.123698
ਲੋਂ 0.476562 0.619141 0.068359 0.123698
ਆ 0.083008 0.790365 0.119141 0.101562
ਪ  0.183594 0.784505 0.087891 0.121094
ਜੀ 0.287109 0.770182 0.101562 0.131510
ਦਾ 0.401855 0.780599 0.110352 0.113281
ਸ 0.510254 0.774740 0.086914 0.101562
ਵਾ 0.600098 0.777344 0.088867 0.101562
ਗ 0.690918 0.773438 0.088867 0.104167
ਤ 0.771973 0.772135 0.079102 0.104167
ਹੈ 0.860840 0.751302 0.081055 0.140625