ਜੀ 0.103125 0.342239 0.108333 0.312977
ਵ 0.191667 0.381679 0.070833 0.269720
ਨ 0.266667 0.374046 0.083333 0.259542
ਲੰ 0.353125 0.357506 0.083333 0.287532
ਬਾ 0.441146 0.402036 0.103125 0.234097
ਹੋ 0.530208 0.360051 0.079167 0.338422
ਣ 0.610938 0.422392 0.088542 0.234097
ਨਾ 0.707812 0.423664 0.101042 0.221374
ਲੋਂ 0.797396 0.388041 0.084375 0.312977
ਮ 0.129688 0.671756 0.086458 0.239186
ਹਾ 0.223958 0.671756 0.106250 0.259542
ਨ 0.315625 0.681934 0.089583 0.249364
ਹੋ 0.406771 0.652672 0.071875 0.312977
ਣਾ 0.493750 0.692112 0.110417 0.239186
ਚਾ 0.605208 0.703562 0.102083 0.231552
ਹੀ 0.700521 0.681934 0.090625 0.300254
ਦਾ 0.796875 0.709924 0.106250 0.239186
ਹੈ 0.891146 0.681934 0.065625 0.290076
। 0.930208 0.716285 0.025000 0.216285
ਡਾ 0.515104 0.886768 0.036458 0.104326
ਭੀ 0.550000 0.889313 0.037500 0.124682
ਮ 0.579167 0.895674 0.025000 0.117048
ਰਾ 0.607292 0.896947 0.033333 0.099237
ਓ 0.635417 0.886768 0.027083 0.145038
ਅ 0.665104 0.909669 0.032292 0.114504
ਮ 0.691667 0.905852 0.025000 0.106870
ਬੇ 0.711979 0.895674 0.019792 0.132316
ਡ 0.731250 0.907125 0.022917 0.119593
ਕ 0.752604 0.904580 0.023958 0.119593
ਰ 0.777083 0.902036 0.029167 0.114504