ਡਾ. 0.217925 0.253394 0.076101 0.214178
ਡੀ. 0.300629 0.235294 0.076730 0.277526
ਐੱ 0.375157 0.205882 0.063522 0.327300
ਸ. 0.432704 0.233032 0.065409 0.273002
ਅ 0.499057 0.249623 0.062264 0.230769
ਠ 0.555346 0.260935 0.042767 0.220211
ਵਾ 0.608805 0.253394 0.062893 0.229261
ਲ 0.675157 0.253394 0.067296 0.229261
ਇੰ 0.127358 0.509050 0.067296 0.276018
ਟ 0.179874 0.538462 0.038994 0.211161
ਰ 0.217610 0.541478 0.035220 0.208145
ਨੈ 0.254717 0.506033 0.047799 0.285068
ਸ਼ 0.298428 0.536199 0.040881 0.218703
ਨ 0.338679 0.537707 0.039623 0.206637
ਲ 0.388365 0.541478 0.052201 0.220211
ਸਾ 0.447799 0.542232 0.057862 0.218703
ਇੰ 0.506918 0.513575 0.057862 0.276018
ਟਿ 0.564151 0.516591 0.052830 0.279035
ਸ 0.609434 0.543741 0.036478 0.221719
ਟ 0.650314 0.542986 0.040252 0.238311
ਸੈਂ 0.700314 0.518854 0.043396 0.295626
ਟ 0.740881 0.555807 0.037736 0.215686
ਰ 0.780189 0.547511 0.044654 0.220211