1 0.405599 0.067383 0.032552 0.060547
0 0.440104 0.064941 0.041667 0.063477
ਗੁ 0.498047 0.071289 0.063802 0.070312
ਰੂ 0.552083 0.073730 0.049479 0.081055
ਸ 0.602865 0.067871 0.049479 0.059570
ਹਿ 0.655599 0.062988 0.058594 0.071289
ਬਾ 0.716146 0.066895 0.065104 0.059570
ਨ 0.773438 0.068359 0.057292 0.064453
ਨਾ 0.253906 0.087402 0.044271 0.040039
ਮ 0.290365 0.087402 0.044271 0.038086
ਜ 0.866536 0.100586 0.029948 0.039062
ਨ 0.891927 0.101074 0.026042 0.038086
ਮ 0.921875 0.101074 0.036458 0.034180
1 0.180339 0.141113 0.032552 0.055664
ਗੁ 0.245443 0.146484 0.055990 0.068359
ਰੂ 0.295573 0.152344 0.049479 0.078125
ਨਾ 0.357422 0.141113 0.089844 0.059570
ਨ 0.430990 0.142090 0.067708 0.057617
ਕ 0.494792 0.145996 0.065104 0.059570
ਦੇ 0.567057 0.142578 0.055990 0.070312
ਵ 0.625651 0.147461 0.061198 0.060547
ਜੀ 0.694661 0.144531 0.071615 0.070312
1 0.856771 0.152832 0.023438 0.057617
4 0.884115 0.152832 0.036458 0.055664
6 0.916016 0.153809 0.035156 0.053711
9 0.953125 0.154297 0.041667 0.060547
2 0.177734 0.224121 0.050781 0.055664
ਗੁ 0.246094 0.230957 0.062500 0.069336
ਰੂ 0.297526 0.235352 0.045573 0.080078
ਅੰ 0.368490 0.218262 0.083333 0.075195
ਗ 0.435547 0.228516 0.071615 0.056641
ਦ 0.503255 0.225098 0.063802 0.063477
ਦੇ 0.563802 0.221680 0.054688 0.068359
ਵ  0.621094 0.227539 0.059896 0.062500
ਜੀ 0.697266 0.223633 0.079427 0.072266
1 0.854167 0.233887 0.023438 0.053711
5 0.882161 0.231934 0.035156 0.057617
0 0.915365 0.233398 0.036458 0.056641
4 0.950521 0.236816 0.044271 0.059570
3 0.172526 0.306152 0.040365 0.053711
ਗੁ 0.242839 0.313477 0.055990 0.072266
ਰੂ 0.294271 0.317383 0.046875 0.080078
ਅ 0.360026 0.309082 0.071615 0.063477
ਮ 0.417318 0.307129 0.048177 0.059570
ਰ 0.466146 0.308594 0.052083 0.058594
ਦਾ 0.529948 0.311035 0.067708 0.057617
ਸ 0.590495 0.311035 0.061198 0.059570
ਜੀ 0.670573 0.304688 0.078125 0.074219
1 0.851562 0.315430 0.026042 0.056641
4 0.880859 0.316406 0.037760 0.052734
7 0.914062 0.313965 0.036458 0.053711
9 0.943359 0.316406 0.037760 0.056641
4 0.180990 0.387695 0.054688 0.058594
ਗੁ 0.244141 0.394043 0.061198 0.069336
ਰੂ 0.297526 0.398926 0.050781 0.077148
ਰਾ 0.357422 0.387695 0.061198 0.060547
ਮ 0.411458 0.392578 0.049479 0.060547
ਦਾ 0.462891 0.388672 0.061198 0.056641
ਸ 0.520833 0.392578 0.054688 0.056641
ਜੀ 0.600260 0.385742 0.080729 0.072266
1 0.844401 0.397949 0.027344 0.055664
5 0.872396 0.397949 0.039062 0.051758
3 0.906250 0.397461 0.033854 0.054688
4 0.946615 0.398438 0.049479 0.054688
5 0.179688 0.470215 0.049479 0.055664
ਗੁ 0.244141 0.474121 0.063802 0.067383
ਰੂ  0.298177 0.478516 0.052083 0.078125
ਅ 0.361979 0.471680 0.075521 0.060547
ਰ 0.419922 0.472168 0.040365 0.059570
ਜ 0.459635 0.473633 0.044271 0.062500
ਨ 0.507161 0.473145 0.053385 0.059570
ਦੇ 0.561198 0.469727 0.049479 0.070312
ਵ 0.606120 0.475586 0.050781 0.056641
ਜੀ 0.671224 0.469238 0.076823 0.071289
1 0.841797 0.478516 0.022135 0.056641
5 0.868490 0.478516 0.039062 0.056641
6 0.908854 0.479492 0.036458 0.056641
3 0.947917 0.479004 0.041667 0.063477
6 0.178385 0.555176 0.052083 0.057617
ਗੁ  0.244792 0.561523 0.062500 0.068359
ਰੂ 0.300781 0.561523 0.049479 0.083984
ਹ 0.347005 0.553223 0.045573 0.057617
ਰਿ 0.393229 0.551758 0.049479 0.070312
ਗੋ 0.444010 0.547363 0.062500 0.075195
ਬਿੰ 0.507812 0.549316 0.067708 0.073242
ਦ 0.563802 0.555176 0.049479 0.055664
ਜੀ 0.626953 0.550293 0.071615 0.073242
1 0.842448 0.561035 0.023438 0.051758
5 0.867839 0.557129 0.037760 0.057617
9 0.902344 0.559570 0.039062 0.054688
5 0.939453 0.560059 0.042969 0.059570
7 0.177083 0.638672 0.049479 0.060547
ਗੁ  0.246094 0.648438 0.065104 0.072266
ਰੂ 0.300130 0.650879 0.053385 0.084961
ਹ 0.354167 0.639648 0.052083 0.058594
ਰਿ 0.404948 0.635254 0.052083 0.069336
ਰਾ 0.464844 0.640137 0.065104 0.059570
ਏ 0.520182 0.630859 0.048177 0.074219
ਜੀ 0.593099 0.632324 0.079427 0.079102
1 0.846354 0.645020 0.023438 0.055664
6 0.870443 0.639648 0.032552 0.060547
3 0.902995 0.642578 0.037760 0.064453
0 0.944661 0.642090 0.045573 0.055664
8 0.175130 0.725586 0.048177 0.060547
ਗੁ 0.246745 0.729980 0.071615 0.073242
ਰੂ 0.310547 0.734375 0.055990 0.083984
ਹ 0.367188 0.724609 0.049479 0.062500
ਰ 0.412760 0.720703 0.049479 0.064453
ਕ੍ਰਿ 0.470703 0.721191 0.063802 0.088867
ਸ਼ 0.522786 0.723633 0.055990 0.060547
ਨ 0.578125 0.722168 0.062500 0.063477
ਜੀ 0.647786 0.714844 0.076823 0.078125
1 0.847656 0.723145 0.023438 0.059570
6 0.877604 0.723633 0.039062 0.058594
5 0.916667 0.722168 0.039062 0.057617
6 0.954427 0.721680 0.036458 0.062500
9 0.177083 0.810547 0.049479 0.058594
ਗੁ  0.252604 0.814941 0.072917 0.071289
ਰੂ 0.315104 0.815918 0.054688 0.084961
ਤੇ 0.376953 0.799316 0.053385 0.073242
ਗ 0.438151 0.808105 0.074219 0.061523
ਬ 0.511719 0.807129 0.062500 0.061523
ਹਾ 0.572266 0.805664 0.063802 0.060547
ਦ 0.622396 0.805664 0.041667 0.064453
ਰ 0.667318 0.803711 0.050781 0.060547
ਜੀ 0.727865 0.800293 0.078125 0.079102
1 0.848958 0.808105 0.023438 0.059570
6 0.878906 0.805664 0.036458 0.056641
2 0.915365 0.807617 0.036458 0.058594
1 0.944010 0.806641 0.023438 0.056641
1 0.157552 0.894043 0.026042 0.059570
0 0.191406 0.893066 0.041667 0.059570
ਗੁ 0.253906 0.898438 0.067708 0.074219
ਰੂ 0.310547 0.899902 0.053385 0.088867
ਗੋ  0.367839 0.882812 0.055990 0.074219
ਬਿੰ 0.425781 0.883789 0.062500 0.076172
ਦ 0.477865 0.891602 0.052083 0.054688
ਸਿੰ 0.542969 0.883789 0.075521 0.074219
ਘ 0.612630 0.893066 0.074219 0.059570
ਜੀ 0.694661 0.883301 0.074219 0.067383
1 0.852214 0.890137 0.024740 0.053711
6 0.878255 0.888672 0.037760 0.058594
6 0.915365 0.888184 0.036458 0.051758
6 0.952474 0.887207 0.040365 0.059570