ਮੌ 0.311849 0.113281 0.050781 0.068359
ਲਿ 0.361328 0.114258 0.055990 0.06445
ਕ 0.410156 0.122070 0.046875 0.056641
ਅ 0.465495 0.123535 0.061198 0.053711
ਧਿ 0.524740 0.116211 0.059896 0.068359
ਕਾ 0.582682 0.125977 0.058594 0.056641
ਰ 0.638672 0.124023 0.055990 0.058594
1 0.263021 0.191895 0.026042 0.040039
ਸ 0.337240 0.192383 0.049479 0.044922
ਮਾ 0.391927 0.189453 0.062500 0.041016
ਨ 0.445312 0.189941 0.046875 0.041992
ਤਾ 0.498698 0.191895 0.062500 0.043945
ਦਾ 0.570964 0.192871 0.066406 0.038086
ਅ 0.354167 0.238770 0.065104 0.040039
ਧਿ 0.419922 0.235840 0.063802 0.051758
ਕਾ 0.479167 0.240234 0.057292 0.039062
ਰ 0.531250 0.239746 0.049479 0.041992
2 0.277995 0.284180 0.040365 0.041016
ਸੁ 0.360026 0.288086 0.055990 0.046875
ਤੰ 0.410807 0.282715 0.050781 0.047852
ਤ 0.457031 0.287598 0.046875 0.040039
ਰ 0.499349 0.287598 0.040365 0.041992
ਤਾ 0.548828 0.288086 0.063802 0.039062
ਦਾ 0.620443 0.289062 0.066406 0.041016
ਅ 0.384766 0.332520 0.069010 0.043945
ਧਿ 0.453776 0.329590 0.066406 0.047852
ਕਾ 0.513021 0.334473 0.057292 0.041992
ਰ 0.565755 0.332520 0.045573 0.041992
। 0.611328 0.334961 0.024740 0.042969
3 0.272135 0.379395 0.041667 0.045898
ਸੋ 0.354167 0.374023 0.041667 0.048828
ਸ਼ 0.393880 0.379883 0.037760 0.041016
ਣ 0.434245 0.379883 0.042969 0.039062
ਵਿ 0.498047 0.377930 0.050781 0.044922
ਰੁੱ 0.541016 0.381836 0.035156 0.054688
ਧ 0.580078 0.381836 0.048177 0.041016
ਅ 0.372396 0.425781 0.059896 0.042969
ਧਿ 0.429036 0.423340 0.045573 0.047852
ਕਾ 0.472656 0.425781 0.046875 0.039062
ਰ 0.514323 0.427246 0.044271 0.040039
4 0.274740 0.474609 0.044271 0.042969
ਧਾ 0.353516 0.471680 0.058594 0.039062
ਰ 0.399089 0.472168 0.037760 0.040039
ਮਿ 0.447917 0.469238 0.059896 0.047852
ਕ 0.498047 0.472656 0.045573 0.039062
ਸੁ 0.546224 0.476074 0.040365 0.045898
ਤੰ 0.579427 0.470215 0.033854 0.047852
ਤ 0.610677 0.472656 0.036458 0.039062
ਰ 0.643229 0.473633 0.036458 0.041016
ਤਾ 0.683594 0.472168 0.052083 0.040039
ਦਾ 0.371745 0.519043 0.076823 0.038086
ਅ 0.452474 0.519531 0.069010 0.039062
ਧਿ 0.512370 0.517090 0.055990 0.049805
ਕਾ 0.563802 0.520020 0.046875 0.040039
ਰ 0.608724 0.519043 0.042969 0.041992
। 0.651042 0.519531 0.023438 0.041016
5 0.272135 0.566895 0.041667 0.043945
 ਸ 0.356771 0.565430 0.046875 0.041016
ਭਿ 0.404297 0.561523 0.048177 0.048828
ਆ 0.460286 0.563965 0.069010 0.040039
ਚਾ 0.517578 0.566406 0.048177 0.039062
ਰ 0.555990 0.565430 0.031250 0.041016
ਕ 0.592448 0.566406 0.041667 0.039062
ਅ 0.639323 0.565918 0.052083 0.040039
ਤੇ 0.685547 0.562012 0.040365 0.047852
ਵਿੱ 0.339193 0.606934 0.058594 0.049805
ਦਿ 0.391276 0.607910 0.048177 0.043945
ਅ 0.436849 0.610840 0.048177 0.038086
ਕ 0.479818 0.611328 0.037760 0.037109
ਦਾ 0.529297 0.611328 0.058594 0.037109
 ਅ 0.583333 0.611328 0.049479 0.033203
ਧਿ 0.626953 0.607910 0.042969 0.041992
ਕਾ 0.666016 0.610840 0.040365 0.036133
ਰ 0.703125 0.610352 0.036458 0.041016
6 0.268880 0.745605 0.035156 0.040039
ਸੰ 0.339844 0.740234 0.049479 0.052734
ਵਿ 0.389323 0.742188 0.049479 0.052734
ਧਾ 0.440104 0.746582 0.052083 0.041992
ਨਿ 0.491536 0.741211 0.055990 0.050781
ਕ 0.540365 0.746094 0.041667 0.041016
ਉ 0.581380 0.745117 0.035156 0.058594
ਪ 0.615234 0.745605 0.029948 0.041992
ਚਾ 0.649740 0.746094 0.041667 0.042969
ਰਾਂ 0.697917 0.742188 0.054688 0.044922
 ਦਾ 0.375000 0.795410 0.067708 0.040039
ਅ 0.440755 0.794922 0.053385 0.041016
ਧਿ 0.496745 0.790039 0.055990 0.048828
ਕਾ 0.548828 0.794922 0.050781 0.039062
ਰ 0.597005 0.793945 0.045573 0.041016
7 0.272135 0.846680 0.039062 0.042969
ਸਿੱ 0.348307 0.840332 0.063802 0.049805
ਖਿ 0.405599 0.839844 0.053385 0.050781
ਆ 0.470703 0.844238 0.079427 0.040039
ਦਾ 0.555339 0.842285 0.061198 0.041992
ਅ 0.363281 0.899902 0.057292 0.045898
ਧਿ 0.421224 0.894531 0.058594 0.056641
ਕਾ 0.474609 0.895508 0.053385 0.044922
ਰ  0.523438 0.895020 0.044271 0.047852
। 0.574219 0.895996 0.018229 0.043945