ਘ 0.260417 0.464844 0.148438 0.126953
ਰ 0.389974 0.465332 0.110677 0.122070
ਵਿ 0.516276 0.455078 0.134115 0.152344
ਹ 0.622396 0.466797 0.091146 0.119141
ੜਾ 0.735026 0.470215 0.147135 0.141602
ਮ 0.201823 0.627441 0.109375 0.120117
ਹਿ 0.317708 0.609863 0.130208 0.147461
ਕਾ 0.436198 0.625977 0.119792 0.126953
ਉਂ 0.532552 0.625000 0.072917 0.177734
ਦੀ 0.623698 0.615723 0.114583 0.147461
ਆਂ 0.746745 0.613770 0.136719 0.145508
ਧੀ 0.376302 0.762695 0.140625 0.134766
ਆਂ 0.537760 0.763184 0.184896 0.131836