ਨ 0.147461 0.381510 0.089844 0.117188
ਸ਼ਿ 0.249512 0.370443 0.110352 0.170573
ਆਂ 0.370117 0.375000 0.132812 0.143229
ਨੇ 0.493652 0.370443 0.090820 0.147135
ਪਾ 0.602051 0.393880 0.102539 0.115885
ਏ 0.695312 0.371745 0.085938 0.149740
ਪ 0.791016 0.400391 0.076172 0.126302
ਵਾ 0.871582 0.396484 0.084961 0.113281
ੜੇ 0.953613 0.386719 0.081055 0.164062
ਹੱ 0.133789 0.522786 0.074219 0.154948
ਸ 0.199707 0.539062 0.063477 0.119792
ਦੇ 0.261719 0.523438 0.066406 0.145833
, 0.296387 0.589844 0.024414 0.049479
ਵੱ 0.346191 0.525391 0.063477 0.149740
ਸ 0.408691 0.538411 0.065430 0.118490
ਦੇ 0.479980 0.518880 0.077148 0.162760
ਘ 0.572266 0.539062 0.087891 0.122396
ਰ 0.656250 0.537760 0.085938 0.119792
ਉ 0.746094 0.538411 0.070312 0.167969
ਜਾ 0.825195 0.542969 0.087891 0.114583
ੜੇ 0.899414 0.535156 0.066406 0.161458
। 0.962402 0.542969 0.036133 0.111979
ਅੱ 0.082031 0.688151 0.080078 0.170573
ਗ 0.159180 0.701823 0.076172 0.125000
ਲੱ  0.233887 0.683594 0.069336 0.153646
ਗੇ 0.312500 0.684245 0.087891 0.154948
ਨ 0.395020 0.699219 0.069336 0.122396
ਸ਼ਿ 0.471191 0.695312 0.081055 0.169271
ਆਂ  0.562500 0.684245 0.103516 0.149740
ਦੇ 0.654297 0.679036 0.064453 0.152344
ਵ 0.722656 0.696615 0.062500 0.117188
ਪਾ 0.786621 0.694661 0.071289 0.118490
ਰ 0.852539 0.692057 0.064453 0.126302
ਨੂੰ 0.926270 0.703776 0.073242 0.186198
ਡੋ 0.060547 0.863281 0.054688 0.174479
ਬ 0.118164 0.882161 0.068359 0.136719
ਦਿੱ 0.200684 0.867188 0.081055 0.182292
ਤਾ 0.274902 0.878906 0.077148 0.130208
ਜਿ 0.363281 0.858073 0.082031 0.171875
ਸ 0.431641 0.875651 0.058594 0.131510
ਨੇ 0.490234 0.857422 0.064453 0.157552
ਅੱ 0.573242 0.854818 0.080078 0.162760
ਣ 0.637207 0.871745 0.053711 0.134115
ਖੀ 0.702148 0.850911 0.087891 0.178385