ਖੇ 0.094727 0.317708 0.085938 0.195312
ਡਾਂ 0.191406 0.326823 0.111328 0.182292
ਨੂੰ 0.291016 0.354167 0.085938 0.223958
ਅ 0.392090 0.358073 0.100586 0.140625
ਪ 0.471680 0.357422 0.066406 0.147135
ਨਾ 0.550781 0.363281 0.093750 0.127604
ਓ 0.631348 0.345052 0.067383 0.169271
, 0.673340 0.429036 0.030273 0.063802
ਭੱ 0.157715 0.515625 0.073242 0.174479
ਜੋਂ 0.237305 0.513672 0.085938 0.186198
ਦੌ 0.346680 0.516927 0.080078 0.171875
ੜੋ 0.424805 0.528646 0.076172 0.190104
ਸੇ 0.504395 0.519531 0.069336 0.161458
ਹ 0.566895 0.537109 0.061523 0.131510
ਤ 0.629395 0.537760 0.067383 0.135417
ਬ 0.785156 0.544922 0.062500 0.128906
ਨਾ 0.858398 0.541016 0.087891 0.121094
ਓਂ 0.937500 0.528646 0.072266 0.153646