ਅ 0.116898 0.088910 0.025463 0.047801
ਮ 0.142940 0.086042 0.024306 0.045889
ਰ 0.166667 0.085086 0.027778 0.047801
ਸ਼ 0.199653 0.086042 0.028935 0.045889
ਹੀ 0.229745 0.081262 0.031250 0.055449
ਦਾਂ 0.260995 0.079350 0.031250 0.055449
ਦੀ 0.297454 0.081262 0.032407 0.055449
ਪ 0.333333 0.084130 0.027778 0.049713
ਵਿ 0.362847 0.082218 0.031250 0.057361
ਤ 0.386574 0.082218 0.023148 0.061185
ਰ 0.410301 0.087954 0.024306 0.049713
ਧ 0.438079 0.086042 0.024306 0.045889
ਰ 0.460648 0.084130 0.023148 0.049713
ਤੀ 0.485532 0.081262 0.031250 0.055449
ਸ 0.531250 0.086042 0.023148 0.042065
ਮੂੰ 0.551505 0.087954 0.019676 0.072658
ਹ 0.569444 0.084130 0.020833 0.042065
ਸ਼ 0.594329 0.085086 0.021991 0.043977
ਹੀ 0.619213 0.079350 0.027778 0.055449
ਦਾਂ 0.647569 0.080306 0.031250 0.045889
ਨੂੰ 0.682292 0.084130 0.026620 0.076482
ਕੋ 0.711806 0.077438 0.023148 0.063098
ਟਿ 0.737269 0.078394 0.030093 0.057361
ਕੋ 0.767940 0.077438 0.026620 0.063098
ਟਿ 0.795139 0.077438 0.030093 0.063098
ਪ੍ਰ 0.825810 0.086042 0.024306 0.057361
ਣਾ 0.853588 0.082218 0.028935 0.049713
ਮ 0.878472 0.081262 0.025463 0.055449
ਧੰ 0.143519 0.163480 0.043981 0.101338
ਨ 0.182292 0.174952 0.042824 0.078394
ਧੰ 0.230903 0.162524 0.045139 0.107075
ਨ 0.274306 0.176864 0.046296 0.074570
ਜ 0.324074 0.174952 0.039352 0.074570
ਗ 0.369792 0.173996 0.049769 0.076482
ਤ 0.410880 0.173040 0.037037 0.074570
ਮਾ 0.461806 0.170172 0.050926 0.072658
ਤਾ 0.515046 0.168260 0.057870 0.076482
ਗੁ 0.586806 0.177820 0.064815 0.087954
ਜ 0.638310 0.167304 0.038194 0.082218
ਰ 0.674769 0.166348 0.034722 0.068834
ਕੌ 0.728009 0.155832 0.048611 0.101338
ਰ 0.773727 0.160612 0.042824 0.076482
ਜੀ 0.833333 0.154876 0.067130 0.095602
ਧੰ 0.201389 0.260038 0.050926 0.091778
ਨ 0.248843 0.268642 0.053241 0.070746
ਧੰ 0.298611 0.257170 0.039352 0.093690
ਨ 0.339120 0.267686 0.043981 0.065010
ਬਾ 0.392361 0.269598 0.055556 0.072658
ਬਾ 0.448495 0.268642 0.054398 0.074570
ਜੋ 0.502894 0.256214 0.040509 0.087954
ਰਾ 0.548611 0.261950 0.046296 0.076482
ਵ 0.590856 0.260994 0.038194 0.074570
ਰ 0.627894 0.259082 0.038194 0.070746
ਸਿੰ 0.678819 0.248566 0.052083 0.084130
ਘ 0.726273 0.258126 0.047454 0.072658
ਜੀ 0.782986 0.245698 0.054398 0.089866
ਧੰ 0.204282 0.350860 0.045139 0.089866
ਨ 0.250579 0.363289 0.049769 0.072658
ਧੰ 0.304977 0.349904 0.045139 0.091778
ਨ 0.344329 0.362333 0.042824 0.074570
ਬਾ 0.402199 0.360421 0.056713 0.070746
ਬਾ 0.458333 0.354685 0.050926 0.074570
ਫ 0.514468 0.356597 0.049769 0.070746
ਤਿ 0.563079 0.345124 0.047454 0.089866
ਹ 0.607060 0.349904 0.040509 0.068834
ਸਿੰ 0.664352 0.338432 0.062500 0.091778
ਘ 0.719907 0.347992 0.053241 0.068834
ਜੀ 0.780671 0.334608 0.059028 0.087954
ਗੁ 0.114005 0.524857 0.098380 0.166348
:0.171296 0.517208 0.018519 0.086042
ਸ਼ 0.218750 0.504780 0.071759 0.133843
ਹੀ 0.297454 0.487572 0.085648 0.172084
ਦ 0.377315 0.499044 0.074074 0.133843
ਬੁੰ 0.454282 0.496176 0.070602 0.208413
ਗਾ 0.538773 0.500000 0.098380 0.135755
ਸਾ 0.638310 0.496176 0.093750 0.147228
ਹਿ 0.725694 0.474187 0.083333 0.175908
ਬ 0.800347 0.498088 0.068287 0.151052
ਜੀ 0.887153 0.479924 0.100694 0.187380
ਫ 0.329861 0.652008 0.048611 0.084130
ਤਿ 0.381944 0.639579 0.055556 0.105163
ਹ 0.429398 0.646272 0.041667 0.087954
ਗ 0.474537 0.647228 0.050926 0.086042
ੜ੍ਹ 0.524306 0.655832 0.050926 0.114723
ਸਾ 0.582176 0.641491 0.062500 0.086042
ਹਿ 0.640046 0.630019 0.055556 0.108987
ਬ 0.689815 0.640535 0.050926 0.084130
ਮੁੱ 0.055556 0.771511 0.032407 0.101338
ਖ 0.087963 0.768642 0.039352 0.061185
ਪ੍ਰ 0.122106 0.778203 0.031250 0.091778
ਬੰ 0.149306 0.760038 0.025463 0.089866
ਧ 0.171296 0.769598 0.030093 0.063098
ਕ 0.196181 0.767686 0.028935 0.070746
:0.214120 0.768642 0.011574 0.053537
ਜਿੰ 0.240162 0.758126 0.038194 0.086042
ਦਾ 0.272569 0.769598 0.033565 0.074570
ਸ਼ 0.306713 0.765774 0.027778 0.066922
ਹੀ 0.333333 0.752390 0.030093 0.086042
ਦ 0.362847 0.761950 0.028935 0.070746
ਸਿੰ 0.397569 0.753346 0.033565 0.091778
ਘ 0.427083 0.760994 0.034722 0.076482
ਸਾ 0.460069 0.755258 0.031250 0.068834
ਹਿ 0.489583 0.747610 0.030093 0.084130
ਬ 0.513310 0.756214 0.024306 0.074570
ਜੱ 0.538194 0.752390 0.023148 0.074570
ਥੇ 0.559028 0.745698 0.023148 0.087954
ਦਾ 0.584491 0.755258 0.030093 0.068834
ਰ 0.608796 0.756214 0.020833 0.078394
ਸੰ 0.633102 0.744742 0.025463 0.086042
ਤ  0.652778 0.755258 0.023148 0.072658
ਬਾ 0.680556 0.755258 0.030093 0.072658
ਬਾ 0.711806 0.753346 0.030093 0.072658
ਨਿ 0.750579 0.748566 0.038194 0.082218
ਹਾ 0.782407 0.754302 0.030093 0.074570
ਲ 0.811343 0.751434 0.027778 0.072658
ਸਿੰ 0.844907 0.741874 0.037037 0.091778
ਘ 0.878472 0.746654 0.034722 0.066922
ਜੀ 0.914352 0.745698 0.034722 0.091778
ਮਿ 0.092593 0.864245 0.039352 0.084130
ਸ 0.125000 0.876673 0.025463 0.078394
ਲ 0.153935 0.873805 0.032407 0.076482
ਸ਼ 0.190394 0.870937 0.035880 0.074570
ਹੀ 0.226852 0.863289 0.037037 0.089866
ਦਾਂ 0.267361 0.865201 0.041667 0.086042
ਤ 0.318287 0.869025 0.037037 0.078394
ਰ 0.348380 0.864245 0.027778 0.076482
ਨਾ 0.386574 0.863289 0.048611 0.086042
ਦ 0.430556 0.863289 0.027778 0.070746
ਲ  0.458333 0.861377 0.030093 0.086042
ਜੱ 0.488426 0.854685 0.025463 0.095602
ਥੇ 0.511574 0.848948 0.027778 0.095602
ਬੰ 0.535301 0.850860 0.024306 0.091778
ਦੀ 0.563657 0.850860 0.034722 0.095602
ਹ 0.597801 0.857553 0.028935 0.074570
ਰੀ 0.629630 0.848948 0.034722 0.087954
ਆਂ 0.669560 0.854685 0.045139 0.080306
ਵੇ 0.704282 0.849904 0.024306 0.093690
ਲਾਂ 0.733796 0.855641 0.034722 0.082218
ਹੁ 0.767361 0.868069 0.025463 0.091778
ਸ਼ਿ 0.795139 0.848948 0.034722 0.091778
ਆ 0.830440 0.858509 0.040509 0.080306
ਰ 0.862269 0.855641 0.025463 0.082218
ਪੁ 0.889468 0.858509 0.031250 0.087954
ਰ 0.917245 0.853728 0.026620 0.070746
। 0.940972 0.854685 0.013889 0.076482