ਇੰ 0.278889 0.105833 0.175556 0.106667
ਟ 0.412778 0.112083 0.110000 0.072500
ਰ 0.512222 0.105000 0.097778 0.083333
ਨੈ 0.616111 0.092500 0.110000 0.115000
ਟ 0.736667 0.103333 0.124444 0.086667
ਰੰ 0.207222 0.205417 0.058889 0.077500
ਗੀ 0.279444 0.204583 0.083333 0.070833
ਨ 0.358333 0.210833 0.065556 0.058333
ਫੋ 0.447778 0.196667 0.064444 0.083333
ਟੋ 0.519444 0.197083 0.070000 0.080833
ਸ 0.618333 0.203750 0.070000 0.065833
ਟੇ 0.687222 0.194167 0.065556 0.085000
ਟ 0.760556 0.197917 0.081111 0.074167
ਪਾ 0.217222 0.287917 0.067778 0.049167
ਸ 0.277778 0.288750 0.046667 0.054167
ਪੋ 0.324444 0.280417 0.048889 0.067500
ਰ 0.371111 0.288333 0.044444 0.051667
ਟ 0.417222 0.284167 0.054444 0.056667
ਅ 0.495556 0.287083 0.064444 0.047500
ਪੌ 0.555000 0.278333 0.050000 0.073333
ਇੰ 0.618889 0.275000 0.071111 0.063333
ਟ 0.675000 0.282917 0.050000 0.047500
ਮੈਂ 0.733333 0.272917 0.062222 0.065833
ਟ 0.787778 0.280833 0.064444 0.048333
ਆ 0.232222 0.369167 0.095556 0.058333
ਧਾ 0.320000 0.367500 0.073333 0.060000
ਰ 0.390000 0.368333 0.066667 0.061667
ਕਾ 0.486111 0.367917 0.083333 0.052500
ਰ 0.557778 0.365417 0.053333 0.052500
ਡ 0.617778 0.366250 0.062222 0.059167
ਪਿੰ 0.720556 0.360417 0.094444 0.089167
ਟ 0.793889 0.364167 0.067778 0.056667
ਪਾ 0.220556 0.443750 0.074444 0.049167
ਸ 0.283333 0.444167 0.051111 0.055000
ਪੋ 0.331667 0.435000 0.052222 0.068333
ਰ 0.378333 0.442083 0.050000 0.052500
ਟ 0.430000 0.443750 0.055556 0.055833
ਸਾ 0.513333 0.442083 0.073333 0.045833
ਈ 0.586667 0.435000 0.071111 0.063333
ਜ 0.650556 0.441667 0.058889 0.055000
ਫੋ 0.730556 0.431250 0.054444 0.064167
ਟੋ 0.787222 0.432083 0.054444 0.067500
ਈ 0.231111 0.514167 0.086667 0.070000
- 0.298333 0.522500 0.052222 0.028333
ਮੇ 0.347778 0.513333 0.055556 0.070000
ਲ  0.410000 0.520833 0.068889 0.055000
ਅ 0.500000 0.521667 0.077778 0.050000
ਤੇ 0.566111 0.513333 0.061111 0.070000
ਸ 0.650000 0.520000 0.057778 0.053333
ਕੈ 0.710000 0.509583 0.062222 0.072500
ਨ 0.773889 0.514167 0.058889 0.058333
ਪ 0.210556 0.584583 0.045556 0.045833
ਲਾ 0.262778 0.583333 0.058889 0.048333
ਸ 0.313889 0.586250 0.045556 0.044167
ਟਿ 0.365000 0.579583 0.056667 0.055833
ਕ 0.413333 0.583333 0.051111 0.045000
ਦੇ 0.478889 0.578750 0.053333 0.054167
ਆ 0.555556 0.582500 0.073333 0.040000
ਈ 0.626111 0.577917 0.065556 0.052500
ਕਾ 0.703333 0.582917 0.066667 0.044167
ਰ 0.756667 0.580417 0.040000 0.044167
ਡ 0.798889 0.582500 0.048889 0.043333
ਮੋ 0.223333 0.656667 0.062222 0.083333
ਬਾ 0.296111 0.663750 0.076667 0.055833
ਈ 0.380000 0.654167 0.080000 0.073333
ਲ 0.460556 0.661667 0.081111 0.053333
ਪੇ 0.549444 0.651250 0.061111 0.079167
ਸ 0.613333 0.662500 0.064444 0.058333
ਟਿੰ 0.691667 0.652917 0.083333 0.072500
ਗ 0.768889 0.663333 0.080000 0.055000
ਸ 0.220556 0.740417 0.054444 0.050833
ਪਾ 0.281111 0.737917 0.071111 0.050833
ਈ 0.355556 0.732083 0.071111 0.062500
ਰ 0.416111 0.736667 0.050000 0.051667
ਲ 0.472778 0.735417 0.056667 0.055833
ਬਾ 0.556667 0.735417 0.071111 0.049167
ਈ 0.632778 0.732500 0.074444 0.061667
ਡਿੰ 0.715556 0.731250 0.073333 0.067500
ਗ 0.781111 0.736250 0.064444 0.050833
ਪੇ 0.228333 0.820833 0.070000 0.081667
ਪ 0.294444 0.827500 0.068889 0.061667
ਰ 0.362222 0.824583 0.066667 0.062500
ਲੈ 0.461667 0.816250 0.078889 0.084167
ਮੀ 0.550000 0.820417 0.095556 0.080833
ਨੇ 0.629444 0.818750 0.067778 0.077500
ਸ਼ 0.700000 0.827083 0.066667 0.065833
ਨ 0.771667 0.827917 0.076667 0.064167
ਸ 0.221111 0.899167 0.042222 0.046667
ਕੂ 0.263889 0.906250 0.045556 0.057500
ਲ 0.308333 0.894583 0.047778 0.052500
, 0.343333 0.913333 0.026667 0.030000
ਕਾ 0.407778 0.897917 0.066667 0.044167
ਲ 0.466667 0.895417 0.044444 0.049167
ਜ 0.509444 0.898333 0.047778 0.043333
ਪ੍ਰਿੰ 0.583889 0.897083 0.065556 0.065833
ਟ 0.641667 0.898333 0.050000 0.045000
ਵ 0.703333 0.897500 0.046667 0.043333
ਰ 0.744444 0.898750 0.040000 0.044167
ਕ 0.789444 0.900417 0.050000 0.049167