ਅ 0.447586 0.126240 0.057209 0.057044
ਧਿ 0.502976 0.118428 0.052249 0.072669
ਆ 0.560351 0.130952 0.059854 0.053075
ਪ 0.616898 0.133309 0.043981 0.052827
ਕ 0.662037 0.136533 0.048280 0.049355
ਅ 0.444940 0.207465 0.048611 0.048859
ਤੇ 0.490245 0.199281 0.040013 0.068700
ਸ 0.533565 0.209945 0.040013 0.051339
ਮਾਂ 0.576058 0.209449 0.046958 0.057788
ਦੋ 0.624173 0.204613 0.034722 0.063988
ਨੋ 0.661872 0.203249 0.040675 0.067708
ਸਿ 0.460152 0.276662 0.059854 0.073165
ਖਾ 0.515377 0.289683 0.051257 0.050099
ਉਂ 0.562004 0.280754 0.041997 0.064980
ਦੇ 0.597884 0.279390 0.031746 0.072173
ਹ 0.641369 0.290675 0.035384 0.047619
ਨ 0.679067 0.291667 0.037368 0.046131
, 0.692626 0.324157 0.014881 0.021329
ਅ 0.453373 0.366939 0.054233 0.048859
ਧਿ 0.508267 0.357143 0.052910 0.070933
ਆ 0.562004 0.367063 0.054563 0.053571
ਪ 0.611111 0.367808 0.037037 0.049603
ਕ 0.650463 0.369296 0.040344 0.048115
ਸਿ 0.464451 0.433036 0.060516 0.067460
ਖਾ 0.526124 0.441592 0.062169 0.053819
ਕੇ 0.604332 0.434400 0.047288 0.064732
ਪ੍ਰੀ 0.462798 0.511533 0.054563 0.080605
ਖਿ 0.517196 0.507316 0.048942 0.068204
ਆ 0.568122 0.516121 0.054233 0.048611
ਲੈਂ 0.625827 0.503348 0.040013 0.070188
ਦਾ 0.668485 0.514509 0.045304 0.047867
ਹੈ 0.456515 0.580109 0.045966 0.063988
ਤੇ 0.509590 0.580977 0.037037 0.062252
ਸ 0.565476 0.588294 0.052249 0.044147
ਮਾਂ 0.624173 0.581969 0.064484 0.051835
ਪ੍ਰੀ 0.463955 0.659226 0.054233 0.077877
ਖਿ 0.517857 0.654390 0.053571 0.067212
ਆ 0.569775 0.659102 0.054894 0.049355
ਲੈ 0.632110 0.646577 0.047288 0.070933
ਕੇ 0.458829 0.730407 0.043320 0.061508
ਸਿ 0.521660 0.726314 0.056548 0.065724
ਖਾ 0.575562 0.736111 0.047950 0.045635
ਉਂ 0.619544 0.728051 0.039352 0.074157
ਦਾ 0.663856 0.732019 0.049272 0.043403
ਹੈ 0.500827 0.796751 0.042659 0.071677
| 0.555721 0.807540 0.013558 0.043651