ਡਾ 0.087302 0.121308 0.146384 0.158228
. 0.175485 0.187764 0.037037 0.075949
ਹ 0.234568 0.133966 0.088183 0.145570
ਰੀ 0.333333 0.125527 0.112875 0.200422
ਸ਼ 0.436508 0.148734 0.104056 0.166667
ਮ 0.558201 0.158228 0.082892 0.156118
ਲ 0.641975 0.168776 0.088183 0.143460
ਹੋ 0.720459 0.144515 0.068783 0.204641
ਤ 0.791887 0.171941 0.077601 0.154008
ਰਾ 0.885362 0.174051 0.109347 0.145570
ਐ 0.522928 0.286920 0.033510 0.088608
ਮ 0.552028 0.297468 0.028219 0.067511
. 0.567901 0.318565 0.017637 0.033755
ਡੀ 0.591711 0.293249 0.037037 0.088608
. 0.612875 0.321730 0.015873 0.031646
( 0.629630 0.300633 0.014109 0.078059
ਸ 0.647266 0.302743 0.024691 0.065401
ਕਿ 0.677249 0.294304 0.035273 0.082278
ਨ  0.708995 0.303797 0.031746 0.067511
ਐਂ 0.745150 0.296414 0.037037 0.082278
ਡ 0.778660 0.306962 0.033510 0.069620
ਵੀ 0.818342 0.301688 0.035273 0.080169
. 0.837743 0.330169 0.014109 0.027426
ਡੀ 0.862434 0.300633 0.038801 0.078059
. 0.881834 0.330169 0.014109 0.031646
) 0.899471 0.312236 0.021164 0.084388
ਡਿ 0.132275 0.347046 0.074074 0.078059
ਪ 0.190476 0.359705 0.049383 0.073840
ਟੀ 0.252205 0.356540 0.074074 0.075949
ਡਾ 0.335979 0.366034 0.068783 0.061181
ਇ 0.402116 0.358650 0.059965 0.071730
ਰੈ 0.450617 0.356540 0.040564 0.084388
ਕ 0.492945 0.374473 0.047619 0.056962
ਟ 0.535273 0.374473 0.044092 0.056962
ਰ  0.579365 0.373418 0.047619 0.054852
ਸਿ 0.649912 0.372363 0.058201 0.073840
ਹ 0.698413 0.378692 0.038801 0.052743
ਤ 0.741623 0.380802 0.047619 0.056962
ਤੇ  0.804233 0.376582 0.052910 0.069620
ਪ 0.096120 0.426160 0.058201 0.063291
ਰਿ 0.154321 0.419831 0.065256 0.075949
ਵਾ 0.217813 0.429325 0.061728 0.069620
ਰ 0.270723 0.430380 0.051146 0.063291
ਭ 0.338624 0.433544 0.045855 0.061181
ਲਾ 0.391534 0.434599 0.063492 0.059072
ਈ 0.459436 0.428270 0.068783 0.063291
( 0.523810 0.440928 0.028219 0.071730
ਰਿ 0.564374 0.433544 0.052910 0.073840
ਟਾ 0.621693 0.440928 0.061728 0.054852
: 0.665785 0.448312 0.022928 0.052743
) 0.691358 0.439873 0.024691 0.069620
ਪੰ 0.723104 0.440928 0.038801 0.067511
ਜਾ 0.767196 0.446203 0.056437 0.056962
ਬ 0.819224 0.450422 0.051146 0.056962
ਸਾ 0.260141 0.506329 0.040564 0.067511
ਬ 0.291887 0.511603 0.026455 0.073840
ਕਾ 0.324515 0.509494 0.042328 0.069620
ਸਿ 0.373898 0.505274 0.035273 0.082278
ਵ 0.402998 0.511603 0.026455 0.065401
ਲ 0.427690 0.509494 0.033510 0.069620
ਸ 0.464727 0.514768 0.026455 0.063291
ਰ 0.490300 0.514768 0.024691 0.071730
ਜ 0.514109 0.518987 0.026455 0.067511
ਨ 0.538801 0.515823 0.029982 0.065401
ਪ 0.571429 0.515823 0.024691 0.065401
ਟਿ 0.601411 0.510549 0.031746 0.084388
ਆ 0.635802 0.518987 0.044092 0.067511
ਲਾ 0.673721 0.517932 0.042328 0.065401
ਚ 0.097002 0.623418 0.077601 0.099156
ਮ 0.163139 0.621308 0.065256 0.107595
ੜ੍ਹੀ 0.236332 0.626582 0.081129 0.151899
ਦੇ 0.341270 0.608650 0.068783 0.120253
ਰੋ 0.426808 0.609705 0.052910 0.126582
ਗਾਂ 0.500882 0.614979 0.095238 0.107595
ਦੇ 0.596120 0.611814 0.063492 0.118143
ਮਾ 0.680776 0.626582 0.077601 0.092827
ਹਿ 0.754850 0.612869 0.067019 0.124473
ਰ  0.817460 0.631857 0.058201 0.090717
ਸ 0.283069 0.724684 0.026455 0.052743
ਮਾਂ 0.313933 0.715190 0.035273 0.059072
ਸ 0.350970 0.723629 0.024691 0.054852
ਵੇ 0.373016 0.716245 0.022928 0.065401
ਰੇ 0.396825 0.716245 0.028219 0.065401
9 0.425926 0.723629 0.029982 0.050633
ਵ 0.459436 0.719409 0.022928 0.050633
ਜੇ 0.482363 0.717300 0.026455 0.067511
ਤੋਂ 0.516755 0.712025 0.038801 0.061181
ਦੁ 0.549383 0.722574 0.026455 0.056962
ਪਿ 0.575838 0.712025 0.029982 0.061181
ਹ 0.598765 0.718354 0.022928 0.052743
ਰ 0.621693 0.721519 0.026455 0.046414
2 0.653439 0.717300 0.026455 0.054852
ਵ 0.681658 0.719409 0.022928 0.050633
ਜੇ 0.703704 0.714135 0.028219 0.065401
ਤੱ 0.734568 0.722574 0.022928 0.073840
ਕ 0.759259 0.721519 0.033510 0.046414
ਗੁ 0.128748 0.889241 0.105820 0.132911
ਰੂ 0.227513 0.878692 0.088183 0.154008
ਨਾ 0.364198 0.866034 0.121693 0.107595
ਨ 0.466490 0.863924 0.082892 0.103376
ਕ 0.556437 0.856540 0.100529 0.118143
ਲੈ 0.683422 0.844937 0.089947 0.141350
ਬ 0.770723 0.856540 0.091711 0.109705
7 0.492063 0.955696 0.024691 0.059072
0 0.512346 0.958861 0.019400 0.065401
0 0.531746 0.956751 0.019400 0.056962
9 0.548501 0.954641 0.021164 0.061181
7 0.567019 0.951477 0.019400 0.050633
- 0.578483 0.958861 0.014109 0.027426
4 0.591711 0.959916 0.019400 0.054852
8 0.611111 0.954641 0.019400 0.065401
4 0.629630 0.954641 0.021164 0.069620
1 0.644621 0.953586 0.019400 0.054852
8 0.664903 0.955696 0.021164 0.059072