ੴ 0.365686 0.221569 0.068627 0.101961
ਸ 0.420588 0.225490 0.041176 0.062745
ਤਿ 0.463725 0.215686 0.045098 0.082353
ਗੁ 0.505882 0.230392 0.043137 0.076471
ਰ 0.545098 0.225490 0.039216 0.070588
ਪ੍ਰ 0.604902 0.223529 0.041176 0.062745
ਸਾ 0.653922 0.221569 0.056863 0.062745
ਦਿ 0.715686 0.210784 0.066667 0.092157
ਸੰ 0.088235 0.323529 0.074510 0.101961
ਤ 0.155882 0.336275 0.072549 0.076471
ਬਾ 0.248039 0.333333 0.092157 0.082353
ਬਾ 0.341176 0.333333 0.094118 0.078431
ਸ਼ਾ 0.454902 0.334314 0.101961 0.080392
ਮ 0.548039 0.332353 0.088235 0.076471
ਦਾ 0.653922 0.329412 0.092157 0.078431
ਸ 0.736275 0.327451 0.076471 0.078431
ਜੀ 0.839216 0.317647 0.101961 0.101961
ਫ 0.061765 0.449020 0.064706 0.101961
ਰੀ 0.138235 0.438235 0.088235 0.123529
ਚੈ 0.233333 0.436275 0.078431 0.127451
ਰੀ 0.320588 0.434314 0.092157 0.127451
ਟੇ 0.402941 0.432353 0.068627 0.115686
ਬ 0.464706 0.440196 0.066667 0.107843
ਲ 0.540196 0.442157 0.084314 0.100000
ਡਿ 0.627451 0.428431 0.078431 0.127451
ਸ 0.695098 0.439216 0.060784 0.094118
ਪੈਂ 0.757843 0.426471 0.068627 0.119608
ਸ 0.823529 0.435294 0.070588 0.094118
ਰੀ 0.910784 0.422549 0.103922 0.115686
ਧ 0.421569 0.610784 0.160784 0.107843
ਣਾ 0.583333 0.600980 0.166667 0.100000
ਸ਼੍ਰੀ 0.105882 0.689216 0.070588 0.092157
- 0.147059 0.687255 0.015686 0.025490
ਸ਼੍ਰੀ 0.190196 0.688235 0.070588 0.086275
1 0.238235 0.690196 0.021569 0.058824
0 0.266667 0.687255 0.039216 0.056863
8 0.304902 0.686275 0.049020 0.062745
ਸੰ 0.363725 0.678431 0.052941 0.070588
ਤ 0.409804 0.689216 0.050980 0.056863
ਬਾ 0.471569 0.687255 0.068627 0.060784
ਬਾ 0.543137 0.685294 0.074510 0.060784
ਸ਼ਾ 0.624510 0.687255 0.076471 0.060784
ਮ  0.692157 0.685294 0.062745 0.056863
ਦਾ 0.770588 0.686275 0.078431 0.054902
ਸ  0.839216 0.683333 0.066667 0.060784
ਜੀ 0.918627 0.674510 0.072549 0.070588