ਕੱ 0.338790 0.278108 0.032738 0.050926
ਪ 0.366071 0.283399 0.018849 0.035714
ੜੇ 0.388393 0.275794 0.021329 0.044974
ਦੇ 0.424975 0.272817 0.021577 0.044974
ਬੈ 0.461434 0.269511 0.021577 0.049603
ਗ 0.488095 0.275628 0.025298 0.035384
ਅ 0.365079 0.344411 0.032738 0.034061
ਪ 0.392733 0.342593 0.021081 0.033730
ਣਾ 0.422867 0.342097 0.030754 0.036045
ਓ 0.456969 0.333168 0.027034 0.049934
ਵਾ 0.287698 0.408730 0.029266 0.035053
ਤਾ 0.319940 0.407407 0.028770 0.033069
ਵ 0.347718 0.407077 0.021329 0.030423
ਰ 0.369172 0.407903 0.017113 0.032077
ਣ 0.394593 0.404927 0.020833 0.034061
ਨੂੰ 0.430804 0.406746 0.024802 0.066799
ਪ੍ਰ 0.466394 0.407242 0.025546 0.047288
ਦੂ 0.492932 0.410218 0.020585 0.053241
ਸ਼ 0.517857 0.401455 0.023313 0.037698
ਣ 0.545139 0.399967 0.024802 0.034061
ਮੁ 0.336930 0.471726 0.022569 0.045966
ਕ 0.361235 0.466601 0.021577 0.035053
ਤ 0.384797 0.467923 0.019593 0.032407
ਬ 0.419643 0.468254 0.019841 0.033069
ਣਾ 0.450025 0.466270 0.032986 0.035714
ਓ 0.483507 0.459491 0.025050 0.046627
ਵ 0.276414 0.581515 0.014137 0.022817
ਸ 0.289683 0.579365 0.011409 0.022487
ਤ 0.303695 0.581019 0.012153 0.023810
ਰ 0.317708 0.581349 0.009921 0.022487
ਵਿ 0.341890 0.578538 0.020089 0.032738
ਗਿ 0.364707 0.579200 0.021081 0.030754
ਆ 0.388517 0.583333 0.023065 0.023148
ਨ 0.409598 0.583664 0.012649 0.024471
ਵਿ 0.436756 0.580522 0.020833 0.034722
ਭਾ 0.460193 0.585317 0.017609 0.023148
ਗ 0.481275 0.585813 0.018105 0.022817
ਪੀ. 0.347346 0.605489 0.009177 0.014550
ਏ. 0.355779 0.605324 0.006200 0.017526
ਯੂ. 0.366195 0.609292 0.010169 0.019511
ਲੁ 0.378968 0.608631 0.005456 0.013558
ਧਿ 0.386781 0.606316 0.007192 0.016204
ਆ 0.395213 0.607970 0.008681 0.012897
ਣਾ 0.404762 0.607143 0.009921 0.012566