ਆ 0.159350 0.110119 0.032490 0.039021
ਟਾ 0.190228 0.112434 0.026786 0.039021
ਦਾ 0.224206 0.114418 0.026786 0.033730
ਲ 0.250000 0.112103 0.019841 0.037037
ਸ 0.276910 0.116071 0.020585 0.037037
ਕੀ 0.300595 0.109954 0.026786 0.049272
ਮ 0.324901 0.113095 0.020833 0.037698
1 0.185516 0.226852 0.030258 0.073413
. 0.216394 0.249669 0.016121 0.026455
3 0.243428 0.228671 0.035962 0.085648
7 0.281622 0.228836 0.036458 0.089947
ਕ 0.337426 0.223380 0.042411 0.071098
ਰੋ 0.372024 0.206184 0.033730 0.100198
ੜ 0.408730 0.227017 0.035218 0.075728
ਲੋ 0.188988 0.323413 0.029266 0.064153
ਕਾਂ 0.224330 0.325397 0.035962 0.061508
ਨੂੰ 0.265129 0.327216 0.025794 0.085648
ਮਿ 0.303695 0.320106 0.035962 0.067460
ਲ 0.338046 0.325231 0.028770 0.049272
ਰ 0.372520 0.325562 0.017857 0.048611
ਹੀ 0.399926 0.316138 0.031002 0.064815
₹ 0.438244 0.322917 0.024802 0.048611
2 0.462550 0.323909 0.022817 0.046627
/ 0.477803 0.312831 0.008681 0.067460
ਕਿੱ0.504092 0.313823 0.037946 0.062831
ਲੋ 0.537450 0.312831 0.024802 0.064815
 ਕ 0.573165 0.321263 0.026290 0.046627
ਣ 0.597718 0.320602 0.019841 0.046627
ਕ 0.620536 0.320271 0.025794 0.045966