ਜ 0.425967 0.445767 0.027530 0.055556
ਗ 0.455977 0.450728 0.029018 0.055556
ਤ 0.485119 0.454861 0.024802 0.053902
ਤਾ 0.535218 0.461640 0.035218 0.055556
ਰ 0.568080 0.468089 0.022569 0.053241
ਕ 0.594990 0.473214 0.028274 0.052910
ਸ 0.634921 0.481316 0.027282 0.053902
ਤਿ 0.666915 0.477679 0.034722 0.067791
ਗੁ 0.699157 0.495866 0.026290 0.065146
ਰੂ 0.724578 0.504795 0.021081 0.073082
, 0.742932 0.520503 0.011657 0.027116
ਨਾ 0.360367 0.573413 0.006448 0.009259
ਨ 0.364955 0.573743 0.003720 0.009259
ਕ 0.369048 0.575231 0.003968 0.008929
ਨਾ 0.374876 0.575562 0.004712 0.009590
ਮ 0.379588 0.575728 0.004216 0.007937
ਚ 0.384921 0.577050 0.003968 0.009259
ੜ 0.389261 0.578373 0.003224 0.010582
ਦੀ 0.393849 0.577050 0.005456 0.010582
ਕ 0.400050 0.579034 0.003472 0.009921
ਲਾ 0.404762 0.579200 0.004960 0.008929
ਤੇ 0.356275 0.583499 0.003720 0.010913
ਰੇ 0.359871 0.584491 0.003968 0.011574
ਭਾ 0.366071 0.585648 0.004960 0.008598
ਣੇ 0.371404 0.585979 0.003720 0.011243
ਸ 0.376488 0.586640 0.003968 0.009259
ਰ 0.380456 0.588294 0.002976 0.009259
ਬ 0.384425 0.588128 0.002976 0.011574
ਤ 0.387649 0.588790 0.003472 0.008267
ਦਾ 0.394345 0.589616 0.005952 0.009259
ਭ 0.400670 0.590278 0.004216 0.009259
ਲਾ 0.405382 0.590608 0.005208 0.008598
ਸਾ 0.443452 0.562996 0.028274 0.063823
ਹਿ 0.472346 0.558862 0.024554 0.078042
ਬ 0.494048 0.570271 0.018353 0.059854
ਸ੍ਰੀ 0.530010 0.575562 0.029266 0.095569
ਗੁ 0.563492 0.589947 0.022321 0.072090
ਰੂ 0.583829 0.596396 0.017361 0.082341
ਨਾ 0.615079 0.592427 0.024306 0.062500
ਨ 0.636409 0.593254 0.014881 0.058201
ਕ 0.654266 0.594577 0.018849 0.056217
ਦੇ 0.681424 0.587963 0.019097 0.074074
ਵ 0.700397 0.601356 0.016369 0.053902
ਜੀ 0.729911 0.595899 0.027282 0.070106
ਮ 0.297867 0.676753 0.024802 0.063161
ਹਾ 0.328621 0.678241 0.029762 0.058201
ਰਾ 0.363467 0.683532 0.029018 0.055556
ਜ 0.394097 0.685847 0.025298 0.060847
ਦੇ 0.433284 0.678571 0.025298 0.074735
5 0.472098 0.687335 0.021577 0.068452
5 0.495536 0.690146 0.018849 0.066138
0 0.517733 0.691799 0.019593 0.064815
ਸਾ 0.556424 0.702381 0.029514 0.054894
ਲਾ 0.591518 0.705688 0.033730 0.052910
ਪ੍ਰ 0.632192 0.719742 0.024306 0.071759
ਕਾ 0.657490 0.712136 0.027778 0.051918
ਸ਼ 0.685764 0.715112 0.020833 0.052579
ਉ 0.720610 0.717262 0.027034 0.082672
ਤ 0.743304 0.720899 0.019345 0.052249
ਸ 0.763517 0.723545 0.018601 0.051587
ਵ 0.784102 0.724702 0.019097 0.051918
ਦੀ 0.819444 0.722553 0.027778 0.066138
ਆਂ 0.851190 0.727017 0.031746 0.064484
ਲੱ 0.323661 0.859127 0.068452 0.243386
ਖ 0.389385 0.889385 0.061012 0.184854
- 0.437128 0.898148 0.031994 0.037698
ਲੱ 0.483011 0.866733 0.063244 0.230820
ਖ 0.544767 0.897487 0.059772 0.177249
ਵ 0.621776 0.904266 0.048611 0.160384
ਧਾ 0.671007 0.903770 0.049851 0.173942
ਈ 0.708953 0.877646 0.026538 0.113095
ਆਂ 0.761409 0.881944 0.076389 0.219577
72 0.842138 0.897321 0.080109 0.196098