ਕਾ 0.223333 0.411765 0.066667 0.058824
ਕਾ 0.295000 0.414706 0.070000 0.052941
ਉ 0.361667 0.405882 0.056667 0.058824
ਜਾ 0.435000 0.408824 0.076667 0.064706
ਗ 0.513333 0.417647 0.066667 0.058824
ਰ 0.586667 0.417647 0.060000 0.058824
ਸਿੰ 0.663333 0.408824 0.066667 0.076471
ਘ 0.735000 0.414706 0.063333 0.064706
ਪੋ 0.200000 0.482353 0.040000 0.070588
ਸ 0.235000 0.491176 0.036667 0.076471
ਟ 0.280000 0.494118 0.040000 0.058824
ਗ 0.330000 0.494118 0.046667 0.058824
ਰੈ 0.371667 0.482353 0.036667 0.094118
ਜੂ 0.406667 0.502941 0.040000 0.076471
ਏ 0.448333 0.491176 0.036667 0.088235
ਟ 0.486667 0.500000 0.033333 0.070588
ਲਾ 0.545000 0.497059 0.050000 0.064706
ਇ 0.598333 0.494118 0.043333 0.082353
ਬ 0.643333 0.502941 0.040000 0.064706
ਰੇ 0.685000 0.497059 0.036667 0.076471
ਰੀ 0.738333 0.497059 0.056667 0.088235