ਕਰ 0.175412 0.397000 0.038981 0.054000
ਤਾ 0.209895 0.392000 0.026987 0.056000
ਰ 0.233133 0.391000 0.019490 0.050000
ਪੁ 0.253373 0.396000 0.017991 0.060000
ਰ 0.274363 0.388000 0.017991 0.052000
ਸਾ 0.309595 0.385000 0.028486 0.046000
ਹਿ 0.340330 0.378000 0.026987 0.064000
ਬ 0.365817 0.380000 0.020990 0.048000
ਦਾ 0.403298 0.380000 0.032984 0.048000
ਲੰ 0.449025 0.372000 0.034483 0.060000
ਘਾ  0.489505 0.370000 0.037481 0.060000
ਖੁ 0.532234 0.374000 0.023988 0.060000
ਲ 0.554723 0.366000 0.020990 0.052000
ਵਾ 0.581709 0.367000 0.026987 0.058000
ਉ 0.607946 0.365000 0.019490 0.074000
ਣ 0.631934 0.363000 0.025487 0.046000
ਵਾ 0.673913 0.359000 0.031484 0.058000
ਲੇ 0.704648 0.351000 0.026987 0.066000
ਅ 0.267616 0.477000 0.079460 0.054000
ਸ 0.338081 0.473000 0.052474 0.058000
ਲੀ 0.413793 0.462000 0.092954 0.076000
ਹੀ 0.538231 0.454000 0.080960 0.076000
ਰੋ 0.610195 0.447000 0.053973 0.078000
ਅ 0.085457 0.549000 0.026987 0.022000
ਸੀਂ 0.115442 0.546000 0.023988 0.032000
ਪੰ 0.158921 0.542000 0.020990 0.028000
ਜਾ 0.182909 0.543000 0.026987 0.026000
ਬੀ 0.215142 0.539000 0.025487 0.034000
ਹਿੱ 0.255622 0.537000 0.031484 0.034000
ਕ 0.281859 0.540000 0.017991 0.032000
ਠੋ 0.311094 0.534000 0.022489 0.032000
ਕ 0.333583 0.535000 0.019490 0.026000
ਕੇ 0.365817 0.530000 0.020990 0.032000
ਕ 0.398051 0.532000 0.019490 0.028000
ਹਿ 0.422789 0.529000 0.026987 0.034000
ਨੇ  0.448276 0.526000 0.017991 0.032000
ਹਾਂ  0.486507 0.526000 0.028486 0.028000
ਇ 0.529985 0.522000 0.034483 0.032000
ਸ 0.556972 0.521000 0.019490 0.034000
ਦੇ 0.578711 0.520000 0.020990 0.040000
ਸਿ 0.617691 0.518000 0.032984 0.032000
ਸ 0.644678 0.518000 0.017991 0.036000
ਦੇ 0.669415 0.517000 0.028486 0.026000
ਸਿ 0.048726 0.597000 0.028486 0.034000
ਤ 0.077211 0.594000 0.025487 0.032000
ਨ 0.104198 0.590000 0.025487 0.044000
ਵ 0.134183 0.590000 0.028486 0.032000
ਜੋ 0.194153 0.585000 0.043478 0.042000
ਤ  0.239130 0.582000 0.040480 0.040000
ਸਿੰ 0.303598 0.578000 0.049475 0.040000
ਘ 0.344828 0.587000 0.029985 0.046000
ਸਿੰ 0.395802 0.580000 0.038981 0.028000
ਧੂ 0.429535 0.575000 0.025487 0.038000
ਅ 0.485007 0.569000 0.049475 0.042000
ਤੇ 0.526237 0.572000 0.032984 0.036000
ਇ 0.565967 0.570000 0.043478 0.032000
ਮ 0.604948 0.568000 0.034483 0.040000
ਰਾ 0.668666 0.564000 0.047976 0.036000
ਨ 0.711394 0.560000 0.031484 0.040000
ਖਾ 0.090705 0.644000 0.022489 0.044000
ਨ 0.144678 0.640000 0.058471 0.032000
ਨੂੰ 0.193403 0.634000 0.020990 0.036000
ਜਾਂਦਾ 0.230885 0.633000 0.029985 0.034000
ਹੈ 0.255622 0.633000 0.022489 0.034000
ਕਿ 0.283358 0.633000 0.029985 0.030000
ਉ 0.325337 0.632000 0.026987 0.024000
ਕੀ 0.359820 0.627000 0.035982 0.034000
ਅ 0.405547 0.628000 0.028486 0.028000
ਕਿ 0.437031 0.622000 0.028486 0.032000
ਰ 0.460270 0.626000 0.017991 0.028000
ਤ 0.480510 0.625000 0.019490 0.026000
ਘ 0.505247 0.623000 0.026987 0.026000
ਣ 0.530735 0.622000 0.023988 0.028000
ਨ 0.568216 0.621000 0.020990 0.026000
ਹੀਂ 0.598951 0.616000 0.034483 0.032000
ਹਾਂ 0.645427 0.615000 0.028486 0.030000
। 0.671664 0.615000 0.008996 0.022000
ਗੁ 0.042729 0.709000 0.013493 0.026000
ਰੂ 0.056222 0.708000 0.010495 0.024000
ਪੰ 0.072714 0.704000 0.010495 0.024000
ਥ 0.081709 0.703000 0.010495 0.018000
ਦਾ 0.100450 0.703000 0.014993 0.018000
ਦਾ 0.122189 0.702000 0.013493 0.020000
ਸ 0.135682 0.702000 0.010495 0.020000
ਮਾ 0.174663 0.697000 0.049475 0.034000
ਸ 0.215892 0.697000 0.029985 0.038000
ਟ 0.246627 0.695000 0.022489 0.038000
ਰ 0.275862 0.694000 0.029985 0.036000
ਹ 0.325337 0.690000 0.029985 0.036000
ਰ 0.356822 0.690000 0.026987 0.036000
ਪਾ 0.395052 0.687000 0.046477 0.042000
ਲ 0.442279 0.687000 0.038981 0.038000
ਸਿੰ 0.508246 0.680000 0.053973 0.052000
ਘ 0.560720 0.682000 0.044978 0.040000
ਵੇ 0.622189 0.673000 0.029985 0.050000
ਰ 0.653673 0.677000 0.029985 0.042000
ਕਾ 0.695652 0.676000 0.047976 0.040000