ਪਿ 0.272325 0.227483 0.035367 0.058891
ਆ 0.309461 0.217956 0.033599 0.049076
ਰੇ 0.336649 0.204965 0.022546 0.065820
ਵਿ 0.368700 0.198326 0.026525 0.066397
ਦਿ 0.398099 0.198037 0.026967 0.064665
ਆ 0.431477 0.203233 0.038904 0.056582
ਰ 0.463528 0.204965 0.019010 0.053118
ਥੀ 0.492042 0.205543 0.029178 0.066975
ਓ 0.520778 0.213626 0.025641 0.061201
ਜੀ 0.328028 0.275404 0.035367 0.055427
ਆ 0.368700 0.276559 0.036251 0.043880
ਇ 0.402741 0.270785 0.027409 0.057737
ਆਂ 0.435676 0.271074 0.033156 0.054850
ਨੂੰ 0.466180 0.275693 0.022546 0.068707
ਮੈਂ 0.137268 0.336605 0.024315 0.061201
ਤੁ 0.161362 0.349307 0.020336 0.057737
ਹਾ 0.185013 0.342090 0.027851 0.049076
ਡੀ 0.213528 0.337182 0.028294 0.060046
ਉ 0.245137 0.338337 0.021662 0.072748
ਡੀ 0.270336 0.334584 0.028736 0.059469
ਕ 0.294430 0.338915 0.017683 0.045035
ਵਿੱ 0.322723 0.332275 0.027409 0.057159
ਚ 0.345049 0.337182 0.018126 0.045035
ਬਾਂ 0.372237 0.333141 0.024757 0.053118
ਹਾਂ 0.401415 0.331120 0.025641 0.050231
ਉ 0.428161 0.331697 0.017241 0.062933
ਲਾ 0.453139 0.333718 0.025641 0.042725
ਰੀ 0.482317 0.325058 0.022104 0.047344
ਬੈ 0.510831 0.321882 0.020778 0.054850
ਠਾ 0.533378 0.329099 0.021662 0.040416
ਹਾਂ 0.564766 0.324769 0.026083 0.050231
, 0.583112 0.345554 0.007073 0.016744
ਤੁ 0.594828 0.329677 0.015473 0.047344
ਹਾ 0.614279 0.326212 0.018126 0.042725
ਡੇ 0.629752 0.319284 0.012821 0.056582
ਆ 0.650752 0.321305 0.021220 0.045612
ਉ 0.669982 0.321016 0.013705 0.061201
ਣ 0.684571 0.321594 0.015473 0.045035
ਨਾ 0.148099 0.422633 0.030062 0.043880
ਲ 0.176614 0.422633 0.025199 0.043880
ਮੇ 0.203139 0.413684 0.021662 0.057159
ਰਾ 0.226569 0.419746 0.022546 0.041570
ਵਿ 0.259063 0.411952 0.030062 0.058314
ਹ 0.284483 0.416859 0.020778 0.042725
ੜਾ 0.309019 0.419169 0.025641 0.050808
ਖਿ 0.340407 0.408199 0.029178 0.054273
ੜ 0.364721 0.417725 0.018568 0.050231
ਉੱ 0.385942 0.409065 0.015915 0.062933
ਠ 0.402741 0.405023 0.015031 0.056005
ਦਾ 0.423077 0.409642 0.023873 0.040993
ਹੈ 0.448276 0.397806 0.021220 0.060046
। 0.465517 0.407621 0.008842 0.040416
ਮੇ 0.480327 0.399538 0.019894 0.055427
ਰੀ 0.505084 0.399249 0.022546 0.054850
ਅ 0.534262 0.402136 0.025199 0.039838
ਸੀ 0.557913 0.395785 0.022989 0.056005
ਸ 0.578028 0.400404 0.016357 0.043303
ਹੈ 0.601238 0.390300 0.019452 0.060046
ਕਿ 0.628868 0.392610 0.026083 0.050808
ਤੁ 0.654509 0.401559 0.016357 0.049076
ਸੀਂ 0.675287 0.388568 0.022546 0.056582
ਪ 0.143678 0.501443 0.022989 0.046767
ੜ੍ਹ 0.164456 0.502887 0.019452 0.050808
ਲਿ 0.198276 0.492494 0.034041 0.058891
ਖ 0.224801 0.495958 0.022546 0.043880
ਕੇ 0.250663 0.487298 0.023873 0.054273
ਉੱ 0.277188 0.492494 0.021220 0.066975
ਚੇ 0.298187 0.485855 0.022546 0.060624
ਮੁ 0.325155 0.495958 0.023431 0.053118
ਕਾ 0.350575 0.487009 0.025641 0.046767
ਮ 0.375332 0.485855 0.020336 0.043303
ਤੇ 0.400531 0.480081 0.021220 0.057159
ਪ 0.426614 0.485566 0.024757 0.043880
ਹੁੰ 0.448718 0.481236 0.018568 0.066397
ਚੋ 0.469054 0.474596 0.019452 0.056582
। 0.488064 0.481524 0.011494 0.042725
ਤਾਂ  0.252210 0.567841 0.030504 0.057159
ਕਿ 0.293546 0.564665 0.033599 0.056582
ਮੈਂ 0.329797 0.557737 0.027409 0.061201
ਮਾ 0.361185 0.566397 0.027409 0.043880
ਣ 0.386605 0.563222 0.021662 0.046767
ਮ 0.413793 0.559180 0.020336 0.043303
ਹਿ 0.438108 0.553984 0.024757 0.058314
ਸੂ 0.465075 0.566109 0.022989 0.061778
ਸ 0.488727 0.553406 0.020778 0.042148
ਕ 0.517905 0.553695 0.024315 0.043880
ਰ 0.538462 0.550520 0.016799 0.046767
ਸ 0.564987 0.549365 0.019452 0.039838
ਕਾਂ 0.589965 0.545035 0.026083 0.051963