ਬੀ 0.121394 0.581081 0.064904 0.076858
ਬੀ 0.190505 0.582348 0.062260 0.076858
ਹ 0.251442 0.592061 0.040865 0.059966
ਰਿ 0.303486 0.585304 0.056971 0.073480
ਪ੍ਰ 0.357091 0.601351 0.043029 0.068412
ਕਾ 0.409495 0.597973 0.058413 0.058277
ਸ਼ 0.461178 0.598606 0.038702 0.056166
ਕੌ 0.513341 0.593961 0.040625 0.068834
ਰ 0.553245 0.603252 0.038221 0.051943
ਲਾ 0.609495 0.604730 0.059856 0.058277
ਇ 0.666106 0.599240 0.050000 0.071791
ਬ 0.710938 0.608953 0.036779 0.055743
ਰੇ 0.748317 0.602196 0.033173 0.074324
ਰੀ 0.794591 0.605152 0.053606 0.070946