0 0.566651 0.375599 0.024494 0.034097
1 0.592793 0.373202 0.023081 0.027171
2 0.624823 0.374267 0.023081 0.034630
3 0.647197 0.370804 0.018841 0.027704
4 0.668394 0.369739 0.019783 0.027704
5 0.687942 0.368940 0.018370 0.010123
6 0.385539 0.442195 0.029675 0.039425
7 0.413801 0.441662 0.018370 0.038359
8 0.434998 0.441129 0.020254 0.038359
9 0.471503 0.441129 0.018841 0.037294
10 0.492463 0.440064 0.017428 0.036228
11 0.513660 0.439798 0.020254 0.039957
12 0.554875 0.436867 0.028262 0.040490
13 0.577014 0.451518 0.007537 0.011188
14 0.596090 0.430474 0.029675 0.051145
15 0.617522 0.450453 0.009421 0.012254
16 0.638954 0.434204 0.037211 0.039425
17 0.672162 0.433937 0.018841 0.039957
18 0.709374 0.424081 0.030146 0.054342
19 0.734574 0.424347 0.017428 0.053809
20 0.756241 0.432339 0.020254 0.038892
21 0.779793 0.431273 0.023081 0.038892
22 0.800989 0.430208 0.015544 0.038892
23 0.840085 0.423548 0.031559 0.053277
24 0.886717 0.429142 0.033443 0.038892
25 0.400141 0.527970 0.079604 0.102291
26 0.455016 0.541023 0.028262 0.021843
27 0.507537 0.525839 0.072068 0.104422
26 0.566651 0.535162 0.038625 0.082579
27 0.621762 0.533031 0.065944 0.080448
28 0.682289 0.532232 0.050400 0.079915
29 0.778380 0.516516 0.070184 0.101758
30 0.835610 0.526905 0.039567 0.076718
31 0.882713 0.523442 0.049929 0.084710
32 0.186293 0.648908 0.021196 0.036228
33 0.210316 0.648375 0.026849 0.034097
34 0.230570 0.653170 0.008950 0.025573
35 0.244230 0.652904 0.013660 0.007991
36 0.280264 0.650506 0.032030 0.025573
37 0.301931 0.660096 0.009421 0.009590
38 0.331606 0.645978 0.028262 0.033564
39 0.351861 0.658498 0.008479 0.011721
40 0.372586 0.648109 0.033914 0.025040
41 0.401083 0.647842 0.016486 0.025573
42 0.435704 0.642781 0.026378 0.033564
43 0.458314 0.640117 0.017899 0.035695
44 0.477390 0.645178 0.015544 0.024507
45 0.498351 0.644912 0.016957 0.023974
46 0.519077 0.644113 0.016015 0.024507
47 0.554404 0.637986 0.030146 0.033564
48 0.580075 0.641449 0.018370 0.024507
49 0.601036 0.639851 0.017899 0.026638
50 0.630947 0.634790 0.021196 0.033564
51 0.652614 0.639052 0.020254 0.025040
52 0.672398 0.635056 0.017428 0.031966
53 0.694301 0.638519 0.023552 0.025040
54 0.718559 0.636388 0.019312 0.026105
55 0.748705 0.638253 0.020254 0.031966
56 0.773434 0.635322 0.025436 0.027171
57 0.803344 0.630527 0.027791 0.034630
58 0.834432 0.631060 0.027791 0.032499
59 0.865992 0.631327 0.011776 0.038359
60 0.881771 0.632392 0.016957 0.023442
61 0.905794 0.627597 0.028262 0.035162
62 0.927226 0.632126 0.008008 0.022909
63 0.936411 0.629995 0.008479 0.034630
64 0.423457 0.680075 0.020725 0.033564
65 0.448187 0.679275 0.027791 0.035162
66 0.485163 0.680607 0.021667 0.036761
67 0.510834 0.679808 0.025907 0.033031
68 0.535563 0.681939 0.018841 0.033031
69 0.556759 0.678476 0.016957 0.026105
70 0.584550 0.678476 0.013189 0.033564
71 0.601743 0.679808 0.021196 0.029835
72 0.626236 0.673149 0.025907 0.033564
73 0.656618 0.676612 0.032030 0.023442
74 0.688177 0.674481 0.027320 0.026638
75 0.708902 0.673681 0.013189 0.037826