ਇ 0.158203 0.288856 0.025391 0.131965
ਤਿ 0.183594 0.282991 0.021484 0.143695
ਹਾ 0.208008 0.296188 0.023438 0.111437
ਸ 0.229004 0.296188 0.014648 0.105572
ਕ 0.246094 0.291789 0.015625 0.102639
ਗੁ 0.271484 0.299120 0.021484 0.129032
ਰੂ 0.287598 0.299120 0.012695 0.134897
ਦ 0.301758 0.288856 0.011719 0.108504
ਆ 0.321777 0.285924 0.026367 0.108504
ਰਾ 0.344238 0.281525 0.018555 0.111437
ਸ੍ਰੀ 0.374023 0.275660 0.025391 0.146628
ਗੰ 0.402832 0.272727 0.018555 0.129032
ਗ 0.419922 0.272727 0.017578 0.105572
ਸ 0.436035 0.272727 0.014648 0.099707
ਰ 0.450684 0.274194 0.014648 0.102639
ਸਾ 0.475098 0.271261 0.018555 0.102639
ਹਿ 0.497070 0.268328 0.019531 0.126100
ਬ 0.516602 0.274194 0.017578 0.102639
ਪਾ 0.543457 0.272727 0.022461 0.099707
ਤ 0.563477 0.271261 0.015625 0.102639
ਸ਼ਾ 0.583496 0.272727 0.020508 0.105572
ਹੀ 0.605469 0.263930 0.023438 0.123167
ਪੰ 0.635742 0.265396 0.021484 0.120235
ਜ 0.654785 0.274194 0.016602 0.102639
ਵੀਂ 0.674805 0.262463 0.023438 0.126100
ਅ 0.712402 0.271261 0.032227 0.102639
ਤੇ 0.737305 0.259531 0.019531 0.120235
ਛੇ 0.774902 0.263930 0.024414 0.117302
ਵੀਂ 0.805664 0.268328 0.031250 0.114370
ਇ 0.104492 0.429619 0.017578 0.085044
ਹ 0.119629 0.435484 0.010742 0.061584
ਪਾ 0.140137 0.435484 0.018555 0.073314
ਵ 0.153809 0.438416 0.008789 0.067449
ਨ 0.165527 0.434018 0.010742 0.064516
ਅ 0.186035 0.429619 0.018555 0.061584
ਸ 0.200684 0.428152 0.010742 0.058651
ਥਾ 0.213867 0.429619 0.015625 0.061584
ਨ 0.227539 0.429619 0.013672 0.061584
ਪੰ 0.245117 0.420821 0.011719 0.079179
ਜ 0.257324 0.423754 0.010742 0.067449
ਵੇਂ 0.270996 0.417889 0.014648 0.085044
ਪਾ 0.291504 0.417889 0.018555 0.055718
ਤ 0.305176 0.422287 0.008789 0.064516
ਸ਼ਾ 0.317871 0.419355 0.014648 0.064516
ਹ 0.332520 0.416422 0.012695 0.058651
ਸ੍ਰੀ 0.354492 0.410557 0.017578 0.087977
ਗੁ 0.379395 0.422287 0.016602 0.082111
ਰੂ 0.394531 0.426686 0.013672 0.085044
ਅ 0.414062 0.410557 0.021484 0.064516
ਰ 0.430176 0.412023 0.008789 0.061584
ਜ 0.441406 0.412023 0.011719 0.073314
ਨ 0.454102 0.413490 0.013672 0.064516
ਦੇ 0.474121 0.398827 0.018555 0.082111
ਵ 0.489746 0.407625 0.012695 0.064516
ਜੀ 0.512207 0.397361 0.018555 0.085044
ਅ 0.536621 0.406158 0.020508 0.061584
ਤੇ 0.552246 0.392962 0.010742 0.087977
ਛੇ 0.572754 0.392962 0.014648 0.087977
ਵੇਂ 0.587402 0.394428 0.014648 0.085044
ਪਾ 0.608398 0.401760 0.017578 0.070381
ਤ 0.622070 0.403226 0.009766 0.061584
ਸ਼ਾ 0.634766 0.401760 0.017578 0.064516
ਹ 0.650879 0.401760 0.014648 0.064516
ਸ੍ਰੀ 0.672852 0.398827 0.021484 0.093842
ਗੁ 0.696289 0.409091 0.017578 0.079179
ਰੂ 0.710938 0.416422 0.011719 0.087977
ਰ 0.729004 0.406158 0.012695 0.067449
ਗੋ 0.740234 0.407625 0.009766 0.070381
ਰ 0.753418 0.400293 0.012695 0.079179
ਪੁ 0.767090 0.397361 0.014648 0.085044
ਰ 0.782227 0.406158 0.015625 0.067449
ਨ 0.803223 0.407625 0.016602 0.064516
ਗ 0.820801 0.400293 0.016602 0.079179
ਰ 0.835449 0.407625 0.010742 0.064516
ਵ 0.855469 0.401760 0.021484 0.082111
ਸਾ 0.886719 0.400293 0.027344 0.073314
ਕੇ 0.100098 0.564516 0.014648 0.061584
ਨ 0.115234 0.554252 0.013672 0.082111
ਗ 0.126953 0.557185 0.009766 0.076246
ਰ 0.139160 0.558651 0.012695 0.055718
ਨਿ 0.163086 0.558651 0.019531 0.061584
ਵਾ 0.181152 0.558651 0.014648 0.061584
ਸੀ 0.202148 0.546921 0.017578 0.085044
ਆਂ 0.217285 0.546921 0.010742 0.067449
ਲ 0.238281 0.551320 0.013672 0.076246
ਈ 0.253906 0.551320 0.013672 0.064516
ਪਾ 0.269531 0.533724 0.015625 0.087977
ਈ' 0.288086 0.542522 0.017578 0.064516
ਦੀ 0.304199 0.542522 0.012695 0.058651
ਜ 0.323730 0.527859 0.014648 0.087977
ਰੂ 0.336426 0.538123 0.006836 0.067449
ਰ 0.350098 0.541056 0.012695 0.067449
ਤ 0.361328 0.539589 0.009766 0.052786
ਨੂੰ 0.373047 0.536657 0.013672 0.058651
ਮੁੱ 0.387695 0.539589 0.011719 0.064516
ਖ 0.399902 0.541056 0.010742 0.079179
ਰੱ 0.412109 0.533724 0.011719 0.064516
ਖ 0.436035 0.536657 0.014648 0.070381
ਦਿ 0.452637 0.533724 0.016602 0.064516
ਆਂ 0.467285 0.535191 0.012695 0.067449
ਸੰ 0.492188 0.529326 0.013672 0.067449
ਮ 0.507812 0.532258 0.017578 0.061584
ਤ 0.536621 0.520528 0.014648 0.079179
1 0.558594 0.529326 0.013672 0.061584
6 0.573242 0.526393 0.015625 0.061584
5 0.586426 0.526393 0.010742 0.067449
6 0.608398 0.514663 0.019531 0.090909
ਵਿੱ 0.628418 0.529326 0.014648 0.061584
ਚ 0.644531 0.519062 0.015625 0.093842
ਗੁ 0.664551 0.520528 0.026367 0.073314
ਰੂ 0.690918 0.526393 0.016602 0.073314
ਅ 0.708496 0.516129 0.018555 0.087977
ਰ 0.732910 0.526393 0.018555 0.067449
ਜ 0.751953 0.516129 0.019531 0.087977
ਨ 0.778320 0.519062 0.019531 0.082111
ਦੇ 0.800293 0.532258 0.012695 0.067449
ਵ 0.812500 0.541056 0.009766 0.079179
ਜੀ 0.822266 0.532258 0.009766 0.073314
ਨੇ 0.832520 0.529326 0.008789 0.061584
ਇ 0.848633 0.533724 0.013672 0.105572
ਥੇ 0.864746 0.530792 0.014648 0.082111
ਖੂ 0.878906 0.523460 0.013672 0.061584
ਹ 0.094727 0.678886 0.013672 0.073314
ਲ 0.107910 0.681818 0.010742 0.079179
ਗ 0.121094 0.678886 0.013672 0.085044
ਵਾ 0.140625 0.674487 0.023438 0.070381
ਇ 0.164062 0.673021 0.011719 0.079179
ਆ 0.175293 0.673021 0.010742 0.061584
। 0.185547 0.677419 0.009766 0.058651
ਇ 0.200195 0.673021 0.005859 0.061584
ਥੇ 0.208496 0.675953 0.008789 0.055718
ਹੀ 0.219238 0.675953 0.010742 0.067449
ਗੁ 0.229980 0.671554 0.010742 0.058651
ਰੂ 0.246094 0.662757 0.015625 0.082111
ਅ 0.259766 0.670088 0.011719 0.061584
ਰ 0.279785 0.674487 0.014648 0.076246
ਜ 0.292969 0.677419 0.011719 0.093842
ਨ 0.314941 0.661290 0.020508 0.067449
ਦੇ 0.331055 0.662757 0.009766 0.064516
ਵ 0.341309 0.664223 0.012695 0.073314
ਜੀ 0.355469 0.662757 0.013672 0.064516
ਨੇ 0.377930 0.649560 0.013672 0.085044
ਅ 0.391113 0.658358 0.012695 0.061584
ਪ 0.418457 0.648094 0.020508 0.087977
ਣੇ 0.444336 0.648094 0.015625 0.087977
ਸੇ 0.468750 0.643695 0.017578 0.090909
ਵ 0.484375 0.643695 0.011719 0.085044
ਕ 0.504883 0.665689 0.015625 0.093842
ਭਾ 0.518555 0.649560 0.011719 0.055718
ਈ 0.541016 0.652493 0.017578 0.067449
ਵਿ 0.557129 0.648094 0.014648 0.064516
ਸਾ 0.573242 0.652493 0.013672 0.061584
ਖੀ 0.589355 0.636364 0.018555 0.093842
ਰਾ 0.610352 0.648094 0.023438 0.064516
ਮ 0.630859 0.645161 0.007812 0.064516
ਤੋਂ 0.646484 0.634897 0.015625 0.085044
ਗੰ 0.661133 0.633431 0.011719 0.087977
ਗਾ 0.682617 0.633431 0.019531 0.093842
ਨ 0.705566 0.656891 0.014648 0.082111
ਦੀ 0.718750 0.659824 0.011719 0.105572
ਵਿ 0.738770 0.649560 0.020508 0.079179
ਚ 0.754395 0.648094 0.010742 0.052786
ਡਿੱ 0.765137 0.649560 0.012695 0.067449
ਗਾ 0.777344 0.646628 0.011719 0.067449
ਗ 0.794922 0.636364 0.013672 0.087977
ੜ 0.808105 0.648094 0.010742 0.064516
ਵਾ 0.830078 0.636364 0.017578 0.076246
ਇ 0.850586 0.637830 0.015625 0.079179
ਸ 0.870605 0.646628 0.018555 0.067449
ਖੂ 0.885254 0.646628 0.012695 0.061584
ਹ 0.896973 0.634897 0.014648 0.090909
ਵਿ 0.095215 0.794721 0.012695 0.087977
ਚੋਂ 0.108398 0.810850 0.013672 0.067449
ਪ੍ਰ 0.123047 0.812317 0.013672 0.070381
ਗ 0.144043 0.810850 0.018555 0.061584
ਟ 0.165039 0.799120 0.019531 0.090909
ਕ 0.190918 0.794721 0.018555 0.105572
ਰਾ 0.208008 0.800587 0.017578 0.064516
ਕੇ 0.228027 0.788856 0.018555 0.105572
ਤੀ 0.251465 0.797654 0.014648 0.064516
ਰ 0.265625 0.797654 0.013672 0.064516
ਥ 0.287109 0.787390 0.013672 0.090909
ਗੰ 0.309570 0.785924 0.017578 0.087977
ਗਾ 0.330566 0.790323 0.022461 0.073314
ਦੇ 0.354980 0.788856 0.014648 0.070381
ਇ 0.375000 0.778592 0.023438 0.096774
ਸ਼ 0.402832 0.777126 0.020508 0.093842
ਨਾ 0.420898 0.784457 0.015625 0.073314
ਨ 0.444824 0.774194 0.018555 0.093842
ਦਾ 0.464355 0.784457 0.020508 0.061584
ਭ 0.489258 0.784457 0.013672 0.073314
ਰ 0.500977 0.787390 0.011719 0.079179
ਮ 0.516113 0.784457 0.018555 0.073314
ਦੂ 0.540039 0.769795 0.019531 0.096774
ਰ 0.557617 0.778592 0.017578 0.073314
ਕੀ 0.576172 0.787390 0.015625 0.096774
ਤਾ 0.588867 0.778592 0.011719 0.073314
। 0.608398 0.766862 0.017578 0.096774
ਇ 0.624512 0.765396 0.012695 0.082111
ਸੇ 0.644043 0.780059 0.014648 0.082111
ਕ 0.657715 0.772727 0.012695 0.067449
ਰ 0.670898 0.775660 0.011719 0.073314
ਕੇ  0.686523 0.774194 0.013672 0.070381
ਇ 0.700195 0.772727 0.013672 0.061584
ਸ 0.714355 0.766862 0.012695 0.079179
ਖੂ 0.732910 0.763930 0.014648 0.096774
ਹ 0.745605 0.768328 0.010742 0.076246
ਦਾ 0.756348 0.774194 0.012695 0.064516
ਨਾ 0.774902 0.766862 0.016602 0.085044
ਮ 0.793945 0.774194 0.021484 0.064516
ਗੰ 0.817383 0.763930 0.013672 0.090909
ਗ 0.837891 0.765396 0.017578 0.093842
ਸ 0.853027 0.774194 0.012695 0.070381
ਰ 0.868652 0.774194 0.018555 0.070381
ਪੇ 0.886230 0.774194 0.014648 0.064516
ਗਿ 0.905762 0.769795 0.018555 0.073314
ਆ 0.096680 0.938416 0.015625 0.070381
। 0.109863 0.934018 0.010742 0.073314
ਗੁ 0.121094 0.932551 0.013672 0.064516
ਰੂ 0.146973 0.945748 0.014648 0.085044
ਸਾ 0.160156 0.931085 0.009766 0.067449
ਹਿ 0.181152 0.923754 0.016602 0.087977
ਬ 0.198242 0.928152 0.015625 0.061584
ਨੇ 0.212402 0.925220 0.006836 0.055718
ਇ 0.225586 0.919355 0.015625 0.085044
ਸ 0.239258 0.913490 0.011719 0.079179
ਖੂ 0.257812 0.922287 0.011719 0.073314
ਹ 0.268066 0.919355 0.008789 0.073314
ਨੂੰ 0.278320 0.912023 0.011719 0.082111
ਅ 0.297852 0.909091 0.015625 0.087977
ਨੇ 0.313965 0.916422 0.012695 0.067449
ਕਾਂ 0.334473 0.923754 0.014648 0.082111
ਵ 0.348145 0.917889 0.012695 0.064516
ਰ 0.370117 0.913490 0.019531 0.067449
ਦਿੰ 0.396484 0.914956 0.017578 0.058651
ਦਿ 0.414062 0.913490 0.015625 0.067449
ਆਂ 0.436035 0.904692 0.014648 0.079179