ਗੁ 0.212302 0.261657 0.074074 0.104663
ਰ 0.275794 0.250868 0.048942 0.079613
ਦੁ 0.335979 0.259301 0.058862 0.099950
ਆ 0.409557 0.247768 0.088294 0.082837
ਰਾ 0.503803 0.250000 0.074405 0.079861
ਸਾ 0.625496 0.250372 0.079034 0.080605
ਹਿ 0.710813 0.237971 0.077050 0.111359
ਬ 0.781415 0.254216 0.056217 0.075893
ਪੀ 0.428571 0.348090 0.064153 0.068204
. 0.470734 0.369420 0.020172 0.024058
ਏ 0.504299 0.342882 0.046958 0.062252
. 0.534392 0.369420 0.019180 0.024058
ਯੂ 0.568452 0.359375 0.046958 0.072917
. 0.606481 0.368800 0.017196 0.016369
