ਵਿ 0.395775 0.258644 0.034464 0.054521
ਆ 0.433296 0.263298 0.040578 0.041223
ਹ 0.467760 0.262633 0.026126 0.039894
ਦੇ 0.504447 0.254322 0.028349 0.055186
ਕਾ 0.547248 0.259973 0.031684 0.041223
ਰ 0.578377 0.258311 0.020567 0.045878
ਡ 0.604225 0.256316 0.023346 0.044548
ਪਾ 0.380489 0.342753 0.032796 0.048537
ਸ 0.411340 0.340758 0.022235 0.039229
ਪੋ 0.434130 0.335771 0.022235 0.054521
ਰ 0.458588 0.343750 0.021123 0.038564
ਟ 0.484436 0.341423 0.025014 0.039229
ਅ 0.523346 0.340426 0.032796 0.042553
ਪ 0.550862 0.337101 0.023346 0.045213
ਲਾ 0.580322 0.340093 0.033352 0.040559
ਈ 0.617287 0.327128 0.037243 0.061170
ਡਿ 0.396887 0.409242 0.036687 0.052527
ਜ਼ੀ 0.436631 0.408910 0.036131 0.055851
ਟ 0.466926 0.412899 0.025570 0.041223
ਲ 0.494719 0.413231 0.026681 0.040559
ਪ੍ਰਿੰ 0.541412 0.410904 0.040022 0.065160
ਟਿੰ 0.578099 0.403923 0.035575 0.052527
ਗ 0.610895 0.409574 0.028905 0.037234
ਕ 0.408838 0.494348 0.026126 0.039229
ਲ 0.435798 0.494016 0.026681 0.035904
ਰ 0.462201 0.493351 0.023902 0.039894
ਫੋ 0.498054 0.485040 0.026681 0.052527
ਟੋ 0.526404 0.483045 0.023346 0.055186
ਸ 0.549472 0.488697 0.021679 0.041223
ਟੇ 0.575042 0.482048 0.023902 0.053191
ਟ 0.601723 0.488364 0.025014 0.044548
ਪ੍ਰਿੰ 0.421345 0.555519 0.042246 0.052527
ਟ 0.455531 0.557846 0.030573 0.034574
ਆ 0.502779 0.558511 0.043913 0.034574
ਊ 0.544191 0.557846 0.027793 0.055851
ਟ 0.573374 0.557846 0.023902 0.033245
ਸ 0.598666 0.555186 0.023346 0.039894
ਈ 0.471373 0.635638 0.041134 0.051862
- 0.500556 0.639960 0.017232 0.013963
ਮੇ 0.522790 0.632979 0.022790 0.051862
ਲ 0.549750 0.639628 0.026681 0.038564