ਠੇ 0.308153 0.467780 0.069544 0.124105
ਕਾ 0.394484 0.479714 0.088729 0.095465
ਸ਼ 0.510791 0.470167 0.067146 0.090692
ਰਾ 0.592326 0.470167 0.081535 0.090692
ਬ 0.672662 0.461814 0.069544 0.093079
ਅੰ 0.184652 0.599045 0.086331 0.128878
ਗ 0.262590 0.614558 0.059952 0.097852
ਰੇ 0.327338 0.597852 0.055156 0.116945
ਜੀ 0.405276 0.595465 0.091127 0.116945
ਅ 0.527578 0.597852 0.091127 0.093079
ਤੇ 0.607914 0.582339 0.064748 0.124105
ਦੇ 0.718225 0.575179 0.069544 0.124105
ਸੀ 0.802158 0.569212 0.088729 0.131265