0 0.356027 0.369378 0.048859 0.047619
1 0.409226 0.379134 0.046627 0.061839
2 0.474578 0.395999 0.039435 0.049272
3 0.517237 0.398975 0.037450 0.059854
4 0.566096 0.410714 0.029018 0.055556
5 0.596974 0.421958 0.027778 0.041005
6 0.642113 0.429563 0.041667 0.041667
7 0.690476 0.440146 0.029762 0.037037
18 0.349578 0.438327 0.050843 0.053241
9 0.398438 0.444114 0.045387 0.050265
10 0.458581 0.451058 0.027778 0.058862
11 0.491567 0.464120 0.030754 0.041997
12 0.537450 0.468254 0.032242 0.051587
13 0.573785 0.473545 0.036954 0.048942
14 0.609995 0.483631 0.034474 0.043320
15 0.657862 0.485119 0.037946 0.051587
16 0.711062 0.499339 0.036706 0.034392
17 0.748512 0.499008 0.035714 0.048280