ਸੁੱ 0.336062 0.493386 0.031250 0.066138
ਕੀ 0.374752 0.501488 0.044147 0.053241
ਧ 0.426711 0.517526 0.029514 0.040344
ਰ 0.452381 0.527116 0.021825 0.035714
ਤੀ 0.484871 0.529597 0.033234 0.049934
ਕ 0.529018 0.543981 0.029762 0.037037
ਰੇ 0.554439 0.544147 0.023562 0.048611
ਪੁ 0.587674 0.561839 0.027034 0.046958
ਕਾ 0.616319 0.565476 0.027778 0.039683
ਰ 0.641865 0.570602 0.019345 0.035384
ਫੁੱ 0.298859 0.555721 0.038690 0.068452
ਲ 0.337550 0.564649 0.037698 0.045966
ਬੂ 0.384425 0.581515 0.030754 0.060516
ਟੇ 0.415923 0.572421 0.029762 0.058201
ਲ 0.460317 0.588459 0.032738 0.046627
ਗਾ 0.494544 0.595569 0.033234 0.040344
ਕੇ 0.528398 0.598049 0.028522 0.056548
ਕ 0.565600 0.614749 0.025546 0.036376
ਰੋ 0.592758 0.611442 0.025298 0.048942
ਸ਼ਿੰ 0.631200 0.622354 0.038194 0.056217
ਗਾ 0.665427 0.634094 0.027778 0.039352
ਰ 0.692336 0.640873 0.023562 0.041667