ਸ 0.159848 0.084848 0.037879 0.056566
ਰ 0.196970 0.083838 0.027273 0.058586
ਕਾ 0.240152 0.083838 0.053030 0.062626
ਰੀ 0.298485 0.075758 0.054545 0.082828
ਪ੍ਰਾ 0.371970 0.088889 0.056061 0.072727
ਇ 0.435606 0.071717 0.053030 0.082828
ਮ 0.483333 0.077778 0.036364 0.058586
ਰੀ  0.537879 0.064646 0.060606 0.080808
ਸ 0.611364 0.064646 0.046970 0.068687
ਕੂ 0.661364 0.073737 0.046970 0.094949
ਲ 0.715909 0.059596 0.050000 0.066667
ਬ 0.353030 0.167677 0.042424 0.072727
ਡ 0.391667 0.173737 0.028788 0.072727
ਰੁੱ 0.429545 0.165657 0.034848 0.096970
ਖਾਂ  0.473485 0.155556 0.050000 0.084848
5 0.250758 0.237374 0.016667 0.054545
ਵਾਂ  0.273485 0.230303 0.025758 0.056566
ਸ 0.305303 0.237374 0.019697 0.046465
ਲਾ 0.328788 0.236364 0.027273 0.060606
ਨਾ 0.358333 0.237374 0.025758 0.050505
ਇ 0.394697 0.234343 0.031818 0.064646
ਨਾ 0.424242 0.238384 0.024242 0.044444
ਮ 0.450758 0.237374 0.022727 0.054545
ਵੰ 0.481818 0.233333 0.018182 0.058586
ਡ 0.503030 0.238384 0.021212 0.048485
ਸ 0.531818 0.238384 0.024242 0.052525
ਮਾ 0.557576 0.240404 0.030303 0.048485
ਰੋ 0.587121 0.232323 0.019697 0.068687
ਹ 0.609091 0.241414 0.021212 0.054545