ਅ 0.299603 0.750744 0.020337 0.062500
ਧਿ 0.324281 0.741443 0.023562 0.081101
ਆ 0.351314 0.749256 0.028522 0.059524
ਪ 0.375868 0.741443 0.017609 0.063244
ਕ 0.393229 0.737351 0.017113 0.055060
ਦੀ 0.428447 0.722098 0.027034 0.079613
ਝਿ 0.463418 0.714658 0.025546 0.082589
ੜ 0.485987 0.718006 0.016617 0.055060
ਕ 0.507068 0.717262 0.022569 0.053571
ਪਿ 0.538690 0.702753 0.025794 0.081101
ਓ 0.562748 0.696429 0.021825 0.080357
ਦੇ 0.593626 0.694196 0.024554 0.078869
ਪਿ 0.308780 0.836310 0.024306 0.077381
ਆ 0.337798 0.840402 0.028770 0.060268
ਰ 0.363839 0.838542 0.020337 0.056548
ਨਾ 0.394221 0.830357 0.024058 0.063988
ਲੋਂ 0.421131 0.815848 0.024802 0.082589
ਚੰ 0.451141 0.809152 0.020833 0.079613
ਗੀ 0.476066 0.807292 0.028026 0.080357
ਹੁੰ 0.508185 0.805432 0.018353 0.097470
ਦੀ 0.533110 0.798363 0.029018 0.078869
ਹੈ 0.563864 0.789062 0.022073 0.084077
। 0.585193 0.797619 0.008681 0.068452