ਰੁੱ 0.460458 0.187744 0.070413 0.152832
ਖ 0.542317 0.196777 0.080125 0.100586
ਵੇ 0.109435 0.296631 0.031564 0.090332
ਖ 0.139265 0.307617 0.024627 0.059570
ਣਾ 0.171349 0.309082 0.036074 0.062500
ਚਾ 0.217655 0.310791 0.038502 0.062012
ਹੁ 0.250954 0.316650 0.021852 0.077637
ਣਾ 0.281478 0.315918 0.037808 0.061523
ਜੇ 0.324662 0.304932 0.026361 0.083496
ਸੱ 0.366285 0.309570 0.027749 0.074219
ਜ 0.392993 0.317871 0.025668 0.060547
ਣਾਂ 0.421956 0.313965 0.028096 0.065430
ਤੂੰ 0.461672 0.321533 0.027055 0.093262
ਮੂੰ 0.497052 0.321045 0.028443 0.090332
ਹ 0.520812 0.319336 0.024627 0.061523
ਸ 0.555845 0.318604 0.025321 0.056152
ਦਾ 0.586022 0.320312 0.030177 0.059570
ਖੁ 0.625564 0.326660 0.028096 0.065430
ਸ਼ 0.652445 0.318604 0.024280 0.056152
ਬੋ 0.678460 0.311768 0.026361 0.078613
ਈ 0.704301 0.317627 0.028789 0.070801
ਦਾ 0.748873 0.325195 0.037461 0.058594
, 0.775581 0.347900 0.011100 0.022949
ਪੌ 0.214360 0.387695 0.027055 0.077148
ਣ 0.242109 0.396729 0.024280 0.059082
ਪੁ 0.278703 0.401611 0.028096 0.070801
ਰੇ 0.305931 0.390869 0.027749 0.079590
ਦੀ 0.348595 0.394043 0.034686 0.073242
ਹੋ 0.386923 0.390869 0.027402 0.083496
ਵੇ 0.410683 0.391357 0.029136 0.076660
ਜਾਂ 0.451786 0.400391 0.037808 0.060547
ਰੁੱ 0.492889 0.405273 0.023587 0.074219
ਖ 0.516996 0.403076 0.026708 0.059082
ਹੈ 0.553070 0.393555 0.021852 0.081055
ਕੋ 0.597988 0.395996 0.025668 0.073242
ਈ 0.629379 0.399902 0.032258 0.070312
ਰੋ 0.669615 0.397705 0.022546 0.069824
ਹੀ 0.705168 0.401611 0.031911 0.068848
ਦਾ 0.752688 0.407959 0.036074 0.058105
ਚਾ 0.787374 0.407471 0.010406 0.057129
ਰ 0.117586 0.479004 0.034686 0.062500
ਚੁ 0.149844 0.478516 0.024974 0.057617
ਫੇ 0.170829 0.480225 0.011446 0.020020
ਰੇ 0.197364 0.486328 0.027749 0.071289
ਧੂੰ 0.225980 0.472168 0.029483 0.072266
ਆਂ 0.250780 0.476074 0.024974 0.073242
ਧੂੰ 0.296393 0.487061 0.030177 0.089355
ਆਂ 0.332640 0.480713 0.042317 0.063965
ਬੱ 0.386230 0.486816 0.023933 0.086914
ਦ 0.417100 0.482178 0.037808 0.062988
ਲ 0.464620 0.480469 0.022546 0.072266
ਹ 0.486819 0.489746 0.020465 0.051758
ਨ 0.509712 0.490723 0.021159 0.047852
ਤੇ 0.547173 0.487061 0.024627 0.057129
ਜ਼ਾ 0.574749 0.489014 0.025668 0.053223
ਬਾਂ 0.611169 0.483398 0.024974 0.073242
ਦੇ 0.639091 0.492188 0.030871 0.061523
ਜੰ 0.677593 0.486328 0.032258 0.060547
ਮ 0.720950 0.481201 0.023933 0.070801
ਦਾ 0.746271 0.508789 0.014221 0.026367
ਬੋ 0.218002 0.559814 0.027402 0.068848
ਟ 0.243670 0.563965 0.023933 0.056641
ਲੋ 0.274887 0.567139 0.030871 0.056152
ਰੀ 0.317204 0.561279 0.023240 0.067871
ਦੀ 0.343219 0.568604 0.021159 0.053223
ਥਾਂ 0.380853 0.563232 0.027055 0.065918
ਮੂੰ 0.417100 0.563965 0.031564 0.064453
ਹ 0.464100 0.564453 0.035380 0.068359
ਦੇ 0.507284 0.568115 0.032258 0.064941
ਖੇ 0.552029 0.572021 0.027402 0.089355
ਮਾਂ 0.574922 0.571289 0.021852 0.051758
ਮੋ 0.612036 0.561768 0.023240 0.068848
ਈ 0.638398 0.562988 0.024627 0.071289
ਦਾ 0.682275 0.568359 0.035380 0.062500
। 0.724246 0.562256 0.026361 0.069824
ਮਾ 0.754076 0.563232 0.033299 0.065918
ਰੂ 0.799861 0.570801 0.033992 0.052734
ਥ 0.837149 0.569824 0.013528 0.052734
ਲ 0.122268 0.647949 0.037808 0.049805
ਦੇ 0.156608 0.659424 0.024627 0.075684
ਵਿੱ 0.180368 0.649414 0.027055 0.052734
ਚ 0.208637 0.650879 0.028096 0.051758
ਦਿ 0.252688 0.641357 0.028789 0.070801
ਲ 0.302116 0.641357 0.038155 0.075684
ਗ 0.331946 0.648682 0.024280 0.054199
ਵਾ 0.373743 0.645508 0.030871 0.073242
ਚਾ 0.403920 0.650391 0.021852 0.050781
ਟਿੱ 0.442074 0.652100 0.031564 0.058105
ਲੇ 0.473292 0.653076 0.029483 0.058105
ਚ 0.504856 0.654053 0.030871 0.052246
ੜ 0.553417 0.646729 0.035727 0.060059
ਗ 0.583593 0.644043 0.024627 0.067383
ਈ 0.623309 0.654053 0.022893 0.051270
ਰੂ 0.649150 0.652832 0.023240 0.052734
ਹ 0.688172 0.652832 0.028443 0.048828
, 0.718869 0.644531 0.030871 0.065430
ਵੱ 0.759799 0.665039 0.021852 0.069336
ਡ 0.784426 0.652100 0.026015 0.052246
ਜੰ 0.805758 0.672852 0.010406 0.022461
ਗ 0.224419 0.724365 0.024974 0.068848
ਲਾ 0.252515 0.730713 0.027749 0.053223
ਤਾਂ 0.295699 0.725586 0.027402 0.067383
ਬੰ 0.327437 0.731934 0.031217 0.054688
ਜ 0.360215 0.731689 0.034339 0.054199
ਰ 0.395768 0.727539 0.033299 0.066406
ਹੋ 0.441381 0.725098 0.028096 0.067383
ਈ 0.468956 0.730225 0.027055 0.053223
ਧ 0.495317 0.730713 0.027055 0.053223
ਰ 0.536594 0.724121 0.024974 0.070312
ਤੀ 0.567985 0.724121 0.034339 0.065430
ਨ 0.607527 0.732422 0.024627 0.052734
ਵੀ 0.632501 0.731445 0.021159 0.047852
ਨ 0.661290 0.725098 0.032952 0.062500
ਰੋ 0.698231 0.731201 0.020812 0.050293
ਈ 0.727020 0.722412 0.029830 0.061035
ਦਾ 0.766216 0.730713 0.023587 0.053223
। 0.791190 0.721436 0.021505 0.063965
ਲੂ 0.819285 0.723389 0.031911 0.063965
ਣ 0.864031 0.729004 0.031911 0.048828
ਤੇ 0.893861 0.727539 0.006937 0.049805
ਲ 0.126431 0.822998 0.030871 0.076660
ਦੀ 0.156781 0.811768 0.028443 0.054199
ਖੇ 0.193722 0.801758 0.025321 0.069336
ਤੀ 0.222858 0.810059 0.028789 0.053711
ਨਾ 0.270725 0.803467 0.038502 0.063965
ਦਿ 0.321367 0.800537 0.030177 0.066895
ਲ 0.357267 0.802734 0.037461 0.066406
ਤੇ 0.408602 0.808594 0.041623 0.050781
ਰਾ 0.461152 0.801758 0.037114 0.064453
ਪ 0.495838 0.807129 0.029483 0.050781
ਰ 0.536074 0.800537 0.026708 0.063965
ਚਾ 0.569719 0.809082 0.034339 0.046875
ਏ 0.616372 0.807129 0.027055 0.048828
ਗੀ 0.643600 0.807861 0.021852 0.044434
, 0.673084 0.806885 0.030177 0.046387
ਪੱ 0.703607 0.798584 0.024627 0.062012
ਥ 0.738467 0.799561 0.043011 0.063965
ਰਾਂ 0.771419 0.826416 0.009018 0.023926
ਦੇ 0.228581 0.880615 0.029136 0.062988
ਜੰ 0.257891 0.889404 0.027402 0.048340
ਗ 0.290669 0.883301 0.029136 0.052734
ਲਾਂ 0.341138 0.879883 0.028096 0.059570
ਅੰ 0.390219 0.880127 0.028443 0.062012
ਦ 0.421609 0.886230 0.031564 0.042969
ਰ 0.459938 0.879150 0.037461 0.053223
ਪੱ 0.515782 0.876953 0.031911 0.056641
ਤਾ 0.545439 0.882568 0.023933 0.042480
ਪੱ 0.571106 0.884521 0.022546 0.044434
ਤਾ 0.613597 0.874268 0.027749 0.062988
ਹੋ 0.694589 0.875732 0.027402 0.062988
ਈ 0.726674 0.880615 0.034686 0.048340
ਦਾ 0.771939 0.873047 0.025321 0.061523
ਕੁ 0.802983 0.874756 0.032605 0.063965
ਰ 0.852758 0.877197 0.035033 0.049316
ਤ 0.885016 0.879395 0.006590 0.050781
ਦੇ 0.126604 0.970215 0.030524 0.059570
ਸ 0.153659 0.964844 0.023587 0.048828
ਭ 0.178633 0.963867 0.024280 0.055664
ਸੋ 0.204995 0.967285 0.024974 0.048828
ਮੇ 0.248179 0.951660 0.031564 0.057617
ਸੁੱ 0.293791 0.964600 0.029136 0.043457
ਕੇ 0.322060 0.962891 0.026015 0.046875
ਸੁੱ 0.360562 0.954102 0.026015 0.066406
ਕੇ 0.393340 0.951660 0.029830 0.064453
ਖੂ 0.438952 0.957764 0.026708 0.067871
ਹ 0.466181 0.951172 0.027749 0.067383
ਤ 0.504162 0.954346 0.023240 0.069824
ਲਾ 0.532258 0.950684 0.031564 0.066406
ਅ 0.576656 0.962402 0.030871 0.072266
, 0.606660 0.955566 0.027749 0.044922