ਮੋ 0.167384 0.197729 0.079570 0.101150
ਬਾ 0.241577 0.213064 0.077419 0.072840
ਇ 0.336201 0.199204 0.096057 0.106458
ਲ 0.420789 0.212327 0.070251 0.076674
ਰਿ 0.536559 0.198614 0.088172 0.102919
ਪੇ 0.618638 0.196992 0.070251 0.099676
ਅ 0.690681 0.212474 0.076703 0.074019
ਰ 0.770609 0.210410 0.077419 0.074019
ਡਿ 0.210036 0.390888 0.113262 0.099971
ਸ਼ 0.313620 0.406222 0.082437 0.071660
ਰੀ 0.450179 0.392804 0.096057 0.100855
ਚਾ 0.557348 0.405633 0.108244 0.070481
ਰ 0.654122 0.405338 0.076703 0.073430
ਜ 0.732616 0.404748 0.087455 0.072250
ਨ 0.274910 0.579770 0.083871 0.070776
ਵਾ 0.385663 0.581982 0.121864 0.063993
ਸਿ 0.563441 0.567532 0.114695 0.095252
ਮ 0.670251 0.580655 0.096057 0.069006
ਗ 0.221864 0.749484 0.081004 0.056326
ਲਾ 0.322939 0.751991 0.106810 0.057800
ਸ 0.426165 0.751106 0.078136 0.059569
ਗਾ 0.556631 0.752285 0.103943 0.059569
ਰ 0.654839 0.752285 0.059498 0.059569
ਡ 0.727957 0.753318 0.078136 0.056326
ਸਾ 0.255914 0.904600 0.121864 0.063993
ਫ 0.359857 0.907254 0.073118 0.064583
ਟ 0.442294 0.907254 0.073118 0.066942
ਵੇ 0.518280 0.895311 0.073118 0.090829
ਅ 0.608244 0.908139 0.098208 0.065173
ਰ 0.710394 0.910793 0.091756 0.065173