ਸਿ 0.096478 0.435185 0.047619 0.083995
ਮ 0.135169 0.443618 0.030754 0.067130
ਰ 0.165427 0.443122 0.029762 0.066138
ਨ 0.195437 0.441964 0.030258 0.068452
ਚਿੱ 0.255580 0.434358 0.051339 0.088955
ਕ 0.294023 0.442130 0.029018 0.070106
ਨ 0.327257 0.444940 0.033978 0.064484
ਐ 0.386533 0.431878 0.050843 0.095238
ਡ 0.428943 0.445271 0.033978 0.070437
ਫਿ 0.487599 0.436343 0.054563 0.086310
ਸ਼ 0.532614 0.448413 0.039435 0.076720
ਕਾ 0.596106 0.444114 0.056300 0.069444
ਰ 0.638765 0.446925 0.029018 0.063823
ਨ 0.670883 0.446594 0.036210 0.071098
ਰ 0.705233 0.444775 0.031498 0.069444
ਇੱ 0.176339 0.543155 0.023810 0.076389
ਥੇ 0.195064 0.543651 0.013641 0.074735
ਚਿੱ 0.215898 0.540509 0.017609 0.075728
ਕ 0.233259 0.554067 0.016121 0.057870
ਨ 0.247272 0.554398 0.015873 0.057209
ਪ 0.266493 0.553075 0.014633 0.059854
ਕੌ 0.280878 0.543981 0.013145 0.079365
ੜਾ 0.295635 0.555060 0.016369 0.058532
, 0.309524 0.582672 0.008433 0.031746
ਚਿੱ 0.322917 0.546627 0.021329 0.076720
ਕ 0.338418 0.555060 0.014633 0.054563
ਨ 0.352555 0.555060 0.013641 0.059854
ਚਿੱ 0.375744 0.547123 0.019841 0.080357
ਲੀ 0.396081 0.545635 0.020833 0.074735
, 0.409722 0.584656 0.007440 0.031746
ਦ 0.419519 0.556382 0.015129 0.058532
ਹੀ 0.436632 0.545966 0.017609 0.079365
ਚਿੱ 0.462054 0.546296 0.020337 0.078704
ਕ 0.479291 0.561177 0.016121 0.057540
ਨ 0.492684 0.558862 0.011657 0.059524
, 0.504836 0.586806 0.008681 0.032738
ਲੈ 0.516245 0.547784 0.019097 0.085648
ਮ 0.529886 0.556217 0.015129 0.062169
ਨ 0.543775 0.563161 0.012649 0.057540
ਚਿੱ 0.568452 0.548446 0.023313 0.080357
ਕ 0.586930 0.559524 0.013641 0.055556
ਨ 0.600818 0.561508 0.013145 0.058201
ਪੰ 0.183160 0.637401 0.013145 0.080357
ਜਾ 0.198909 0.650628 0.016369 0.057870
ਬੀ 0.217634 0.640377 0.019097 0.078373
ਚਿੱ 0.243180 0.641369 0.018601 0.077712
ਕ 0.259301 0.650298 0.012649 0.055886
ਨ 0.271949 0.654597 0.013641 0.056548
, 0.283358 0.681217 0.009177 0.025132
ਚਿੱ 0.296131 0.643849 0.020337 0.076720
ਕ 0.311384 0.655589 0.015129 0.053241
ਨ 0.326017 0.653604 0.012153 0.058532
ਮ 0.345362 0.652943 0.015625 0.057209
ਸਾ 0.362227 0.655919 0.015625 0.060516
ਲਾ 0.381324 0.657903 0.018601 0.056548
, 0.395585 0.682540 0.009425 0.031746
ਤੇ 0.413318 0.646825 0.015625 0.078704
ਮੱ 0.433284 0.648148 0.016369 0.073413
ਛੀ 0.452009 0.647983 0.021081 0.081019
ਫ 0.475570 0.656911 0.014633 0.058532
ਰਾ 0.490451 0.657242 0.015129 0.057870
ਈ 0.509921 0.649636 0.018849 0.076389
ਮਿ 0.537450 0.649306 0.021329 0.079696
ਲ 0.554439 0.662368 0.014633 0.056217
ਦੀ 0.570685 0.652282 0.017857 0.083003
ਹੈ 0.595238 0.648975 0.019345 0.085648
ਨੋ 0.094122 0.725198 0.016121 0.043651
ਟ 0.112351 0.732474 0.015377 0.029101
ਸ 0.135913 0.732474 0.017857 0.031746
ਰ 0.151662 0.733135 0.012649 0.034392
ਦੀ 0.171627 0.729167 0.024306 0.044974
ਆਂ 0.198413 0.731812 0.029266 0.039683
ਦਾ 0.232887 0.736607 0.024306 0.034722
ਤੋ 0.263765 0.730985 0.018105 0.045966
ਹ 0.280382 0.738095 0.016121 0.033069
ਫਾ 0.300595 0.739749 0.020337 0.033730
ਮ 0.331473 0.742394 0.019097 0.041667
ਰ 0.349330 0.741733 0.015129 0.031085
ਗੇ 0.367808 0.735946 0.020833 0.045304
ਬੱ 0.394345 0.738591 0.018353 0.043981
ਕ 0.413070 0.743386 0.018105 0.033069
ਰੇ 0.430928 0.737599 0.017609 0.044643
ਦਾ 0.460813 0.745701 0.025794 0.037698
ਅ 0.495288 0.747685 0.021825 0.037698
ਚਾ 0.519345 0.748677 0.025298 0.033069
ਰ 0.541791 0.746693 0.017609 0.035714
ਇੱ 0.573661 0.744378 0.026786 0.045635
ਥੇ 0.595982 0.745040 0.019841 0.042989
ਮਿ 0.628968 0.746197 0.027778 0.050595
ਲ 0.653770 0.754960 0.019841 0.031746
ਦਾ 0.653274 0.754299 0.019841 0.031746
ਹੈ 0.676215 0.754960 0.025546 0.033069