ਬਾ 0.380828 0.331845 0.023065 0.034722
ਬਾ 0.407490 0.330853 0.024802 0.035384
ਦਾ 0.437872 0.329365 0.025050 0.035053
ਨ 0.460689 0.328042 0.019593 0.037698
ਸਿੰ 0.489335 0.318618 0.028770 0.051257
ਘ 0.513517 0.324074 0.021577 0.038360
ਹਾ 0.540799 0.322917 0.024058 0.035384
ਰ 0.563988 0.321925 0.016865 0.034061
ਡ 0.580481 0.320602 0.017609 0.034722
ਵੇ 0.600694 0.312169 0.017361 0.049603
ਅ 0.622892 0.317626 0.023562 0.034061
ਰ 0.645833 0.317295 0.018353 0.036706
ਇੱ 0.370288 0.369709 0.009425 0.019841
ਥੇ 0.378968 0.370205 0.005952 0.019511
ਪ 0.387897 0.372354 0.006944 0.013889
ਲਾ 0.396081 0.370536 0.009425 0.014220
ਈ 0.406622 0.369544 0.009673 0.016865
ਬੋ 0.416543 0.368221 0.005208 0.016204
ਰ 0.422619 0.370866 0.005952 0.010913
ਡ 0.429563 0.370536 0.006448 0.012897
, 0.435144 0.376653 0.003720 0.008598
ਸ 0.443080 0.370370 0.006696 0.014550
ਨ 0.450397 0.370370 0.005952 0.011905
ਮਾ 0.458085 0.369048 0.008433 0.015873
ਇ 0.467386 0.367063 0.008185 0.017196
ਕਾ 0.477183 0.369544 0.008929 0.012235
, 0.484499 0.374173 0.004216 0.008267
ਕੁੰ 0.493180 0.367063 0.007688 0.020503
ਡੇ 0.500620 0.364749 0.006200 0.018519
ਕ 0.511161 0.367394 0.007440 0.013228
ਬ 0.517733 0.366237 0.005704 0.012897
ਜੇ 0.524430 0.363922 0.007192 0.017526
, 0.530258 0.371032 0.002976 0.007275
ਡੌ 0.538938 0.362930 0.007440 0.018849
ਰ 0.546379 0.365410 0.007440 0.013889
ਕ 0.556300 0.364583 0.007937 0.012235
ਲੋ 0.563988 0.361607 0.007440 0.018188
ਜ਼ 0.571429 0.363426 0.007440 0.013228
ਰ 0.579489 0.362765 0.006696 0.013889
, 0.584697 0.368882 0.003224 0.008267
ਹਾ 0.594494 0.362103 0.009921 0.013889
ਰ 0.603299 0.362269 0.005704 0.014220
ਡ 0.609499 0.362103 0.006200 0.013228
ਵੇ 0.616691 0.358466 0.007688 0.018519
ਅ 0.625372 0.362599 0.007192 0.017526
ਰ 0.634177 0.360119 0.007440 0.013889
ਅ 0.645461 0.359292 0.009673 0.014881
ਤੇ 0.654266 0.357474 0.007937 0.019180
ਰੰ 0.369668 0.392857 0.006696 0.018519
ਗ 0.376612 0.394841 0.006696 0.011905
ਰੋ 0.386781 0.392196 0.006696 0.017196
ਗ 0.393477 0.393519 0.006696 0.011905
ਨ 0.400546 0.392692 0.006448 0.014220
ਆ 0.412326 0.393022 0.011161 0.012897
ਦਿ 0.423735 0.391204 0.009177 0.018519
ਦਾ 0.436756 0.392857 0.008929 0.012566
ਸ 0.449033 0.392692 0.006696 0.014220
ਮਾ 0.456597 0.391369 0.009425 0.015542
ਨ 0.465526 0.392857 0.005952 0.012566
ਆ 0.477183 0.391534 0.011409 0.011905
ਦਿ 0.488839 0.389054 0.010417 0.017526
ਬ 0.500868 0.390708 0.006696 0.012235
ਜਾ 0.508681 0.390046 0.008433 0.012235
ਰ 0.517857 0.389716 0.006448 0.012897
ਨਾ 0.529390 0.389385 0.009673 0.012235
ਲੋਂ 0.538938 0.385582 0.009425 0.017196
ਵਾ 0.551711 0.387401 0.010665 0.013558
ਜ਼ਿ 0.562376 0.384921 0.010665 0.016534
ਬ 0.571677 0.386739 0.006944 0.013558
ਰੇ 0.581349 0.383433 0.008929 0.018849
ਟਾਂ 0.590278 0.383598 0.008433 0.016534
ਤੇ 0.602307 0.382275 0.007688 0.017857
ਮਿ 0.615575 0.382606 0.011409 0.017196
ਲ 0.625124 0.384590 0.007688 0.012566
ਦਾ 0.635169 0.383267 0.010417 0.013889
ਹੈ 0.646949 0.379299 0.008185 0.018519
। 0.654018 0.383102 0.003472 0.012235s