ਪ੍ਰਾ 0.077488 0.742955 0.106880 0.154608
ਪ 0.180361 0.739909 0.085504 0.140899
ਟੀ 0.281396 0.738385 0.109886 0.178979
ਸ 0.575150 0.797030 0.063460 0.122620
ਲਾ 0.644289 0.808835 0.070808 0.114242
ਹ 0.706413 0.817212 0.045424 0.112719
ਕਾ 0.766867 0.825209 0.069472 0.118050
ਰ 0.826987 0.842727 0.047428 0.122620
ਇੱ 0.031730 0.853770 0.028724 0.067022
ਥੇ 0.054776 0.850724 0.017368 0.067022
ਜ਼ 0.077989 0.863671 0.016366 0.054836
ਮੀ 0.098196 0.857578 0.021376 0.062452
ਨ 0.115731 0.861005 0.012358 0.051028
ਪ 0.135939 0.867860 0.014028 0.047982
ਲਾਂ 0.154476 0.867860 0.021710 0.043412
ਟ 0.173681 0.867860 0.010020 0.043412
ਮ 0.193554 0.872430 0.015698 0.043412
ਕਾ 0.211256 0.873953 0.017702 0.049505
ਨ 0.228123 0.878903 0.013360 0.038081
ਦੁ 0.253340 0.883854 0.031730 0.052551
ਕਾ 0.280227 0.876999 0.020040 0.043412
ਨਾਂ 0.304442 0.884996 0.025050 0.050267
ਆ 0.327822 0.879665 0.015698 0.053313
ਦਿ 0.354542 0.884615 0.015030 0.051028
ਦੇ 0.376921 0.883473 0.015030 0.060929
ਸੌ 0.392953 0.886900 0.012358 0.054075
ਦੇ 0.415999 0.898705 0.013694 0.044174
ਕ 0.431864 0.902133 0.014696 0.038842
ਰਾ 0.447896 0.894516 0.015364 0.066260
ਏ 0.474115 0.896801 0.020374 0.040366
ਜਾਂ 0.492986 0.897563 0.014696 0.057121
ਦੇ 0.515030 0.907464 0.011356 0.035796
ਹ 0.527054 0.908987 0.011356 0.038842
ਨ 0.542418 0.911653 0.009352 0.036558
। 0.584502 0.918888 0.013360 0.041889
ਗੁ 0.599198 0.918507 0.010020 0.038081
ਰ 0.614395 0.919650 0.015698 0.058644
ਪ੍ਰੀ 0.628591 0.922315 0.012024 0.042650
ਤ 0.651303 0.919269 0.016700 0.051790
ਸਿੰ 0.673681 0.923077 0.022044 0.051790
ਘ 0.712425 0.929170 0.010020 0.035034
9 0.722111 0.933359 0.010020 0.044935
9 0.729459 0.937167 0.003340 0.044935
1 0.736974 0.934882 0.011022 0.043412
4 0.747495 0.932216 0.008684 0.031988
0 0.755511 0.936405 0.004676 0.014471
- 0.762692 0.934120 0.009018 0.040366
3 0.773714 0.936786 0.010354 0.041127
2 0.784569 0.937167 0.010688 0.044935
8 0.793587 0.934120 0.006680 0.043412
6 0.801102 0.938309 0.006346 0.044174