0 0.435268 0.291501 0.046627 0.104167
1 0.476562 0.312004 0.033978 0.085648
2 0.519345 0.328373 0.049603 0.089947
3 0.564360 0.349372 0.038442 0.083003
4 0.409474 0.404597 0.047619 0.080357
5 0.460565 0.410384 0.045635 0.099868
6 0.499876 0.433201 0.031994 0.072751
7 0.552951 0.452712 0.028026 0.066138
8 0.580605 0.458995 0.026290 0.059524
9 0.605159 0.467262 0.022817 0.060185
10 0.628472 0.471726 0.021825 0.057870
11 0.398810 0.504134 0.028274 0.067791
12 0.434524 0.503142 0.039187 0.054563
13 0.471230 0.511574 0.032242 0.055556
14 0.498388 0.517361 0.014633 0.016865
15 0.523686 0.523313 0.017609 0.049272
16 0.540303 0.527282 0.014633 0.046627
17 0.551711 0.528439 0.007192 0.042989
18 0.563368 0.531085 0.014137 0.042989
19 0.575025 0.532242 0.012153 0.045304
20 0.585317 0.535549 0.004464 0.012897
21 0.593874 0.534888 0.012649 0.046627
22 0.605283 0.537533 0.009177 0.043981
23 0.613715 0.539517 0.007688 0.041336
24 0.623388 0.538525 0.013641 0.043320
25 0.635293 0.540509 0.011161 0.049934