ਬ 0.349702 0.322173 0.018849 0.030754
ਰੇ 0.368717 0.318576 0.023148 0.036954
ਕ 0.391204 0.322421 0.021825 0.031250
ਫਾ 0.418320 0.323661 0.026455 0.033730
ਸ 0.442295 0.323661 0.018188 0.031746
ਟ 0.461144 0.321305 0.018188 0.029018
ਲੰ 0.515212 0.324033 0.033069 0.037450
ਚ 0.543155 0.325645 0.024802 0.031250
ਡਿ 0.608631 0.321925 0.033399 0.039683
ਨ 0.642361 0.326389 0.027447 0.028274
ਰ 0.673115 0.326389 0.028108 0.023313
ਅ 0.383433 0.376488 0.061177 0.057044
ਰ 0.434028 0.378100 0.038690 0.056796
ਸ਼ 0.480820 0.380456 0.046296 0.059524
ਬ 0.542493 0.380208 0.045966 0.057044
ਹਾ 0.597057 0.381200 0.056548 0.059028
ਰ 0.650794 0.382688 0.040344 0.056548
ਅੱ 0.325728 0.451761 0.031746 0.047867
ਧਾ 0.354332 0.458085 0.026786 0.035218
ਢਾ 0.464120 0.449901 0.070437 0.059028
ਬਾ 0.530754 0.449157 0.064815 0.056548
ਮੀ 0.580853 0.457837 0.025463 0.044147
ਟ 0.600860 0.463294 0.014550 0.036210
ਰ 0.615906 0.460689 0.018188 0.038442
ਪਿੱ 0.645172 0.455729 0.030423 0.046379
ਛੇ 0.670800 0.456597 0.025463 0.049603