ਤੇ 0.238301 0.057333 0.029518 0.097333
ਲ 0.272498 0.059667 0.036717 0.075333
ਵੀ 0.325954 0.055667 0.040677 0.091333
ਤੇ 0.373650 0.048000 0.028078 0.089333
ਰਾ 0.406228 0.061000 0.032037 0.070000
ਮੁੱ 0.456623 0.054000 0.029878 0.096000
ਕ 0.485961 0.056000 0.024478 0.068000
ਣ 0.511339 0.054667 0.024838 0.065333
ਵਾ 0.554536 0.053000 0.032757 0.071333
ਲਾ 0.592693 0.052333 0.042117 0.067333
ਝੰ 0.639309 0.043333 0.027358 0.085333
ਬੇ 0.668826 0.043000 0.026638 0.082000
ਤੇ 0.707883 0.043000 0.029878 0.084667
ਡਿ 0.753240 0.044000 0.035637 0.084000
ਗ 0.788157 0.043667 0.032037 0.072667
ਕੋ 0.818215 0.042667 0.020158 0.082667
ਈ 0.845572 0.040667 0.031677 0.078667
ਦਾ 0.894168 0.045667 0.038877 0.074000
। 0.928186 0.044333 0.011879 0.076667
ਮੁੱ 0.137689 0.178333 0.032037 0.107333
ਕ 0.164867 0.179333 0.026638 0.082667
ਗ 0.214543 0.176333 0.036717 0.076667
ਏ 0.245860 0.163667 0.027358 0.090000
ਜੰ 0.289597 0.165667 0.030598 0.090000
ਗ 0.321814 0.174667 0.035277 0.062667
ਲ 0.353492 0.169333 0.026638 0.068000
ਗ 0.399208 0.167000 0.038157 0.070000
ਈ 0.437005 0.156667 0.033117 0.076000
ਹ 0.479302 0.161000 0.023398 0.072667
ਰਿ 0.509899 0.151333 0.032757 0.082667
ਆ 0.549316 0.156000 0.041757 0.065333
ਲੀ 0.590893 0.152000 0.033477 0.084000
ਸਾ 0.637149 0.152333 0.035277 0.070000
ਵ 0.670626 0.157333 0.027358 0.060000
ਣ 0.694204 0.151667 0.021238 0.071333
ਦੀ 0.734881 0.147333 0.037077 0.080000
ਬ 0.779338 0.150000 0.028798 0.062667
ਰ 0.803996 0.146000 0.021958 0.065333
ਸਾ 0.830994 0.145667 0.033477 0.059333
ਤ 0.857991 0.145333 0.021958 0.064000
ਗ 0.898308 0.146000 0.029158 0.065333
ਈ 0.926926 0.136667 0.026638 0.081333
, 0.949964 0.169667 0.011519 0.031333
ਪੱ 0.250180 0.265667 0.028078 0.090000
ਕੀ 0.285277 0.264667 0.039237 0.088000
ਫ 0.332613 0.275000 0.027358 0.079333
ਸ 0.360691 0.270000 0.025918 0.069333
ਲ 0.385529 0.268333 0.025198 0.070000
ਹ 0.426566 0.267333 0.024478 0.068000
ੜਾਂ 0.460403 0.258000 0.035997 0.081333
ਨੇ 0.503780 0.250333 0.031317 0.088667
ਮਾ 0.542837 0.257333 0.037437 0.073333
ਰੀ 0.582073 0.248667 0.035277 0.082667
ਬੰ 0.620950 0.248667 0.028078 0.077333
ਨੇ 0.647588 0.244333 0.025198 0.088667
ਥ 0.683945 0.253333 0.027358 0.068000
ਹਿ 0.715263 0.248000 0.033837 0.081333
ਕੇ 0.758819 0.241333 0.026638 0.085333
ਰੋ 0.798236 0.240667 0.026998 0.089333
ਈ 0.827394 0.241000 0.031317 0.078000
ਦਾ 0.874190 0.248667 0.037077 0.070667
। 0.903528 0.248000 0.009359 0.069333
ਅ 0.142909 0.379333 0.038877 0.062667
ਜੇ 0.178726 0.369667 0.029878 0.087333
ਵੀ 0.232001 0.370333 0.044996 0.078000
ਮੌ 0.283477 0.360333 0.034197 0.090000
ਕਾ 0.321454 0.372333 0.040317 0.059333
ਲਾ 0.378690 0.368333 0.043916 0.063333
ਦੇ 0.430526 0.357000 0.032397 0.083333
ਪਿੱ 0.481102 0.355000 0.042837 0.087333
ਪ 0.518179 0.361000 0.029158 0.067333
ਲ 0.547336 0.361333 0.032037 0.062667
ਨਿੰ 0.595032 0.350667 0.036717 0.084000
ਮ 0.627430 0.356333 0.028078 0.064667
ਕਿ 0.676566 0.347000 0.037797 0.076667
ਸੇ 0.708063 0.344333 0.026638 0.082000
ਚੌ 0.749100 0.343667 0.023038 0.083333
ਰਾ 0.776638 0.352000 0.032037 0.066667
ਹੇ 0.807955 0.341333 0.024838 0.076000
ਤੇ 0.849172 0.342667 0.030958 0.081333
, 0.873650 0.377000 0.012239 0.023333
ਗ 0.259899 0.476667 0.030958 0.068000
ਮ 0.291577 0.471667 0.028078 0.064667
ਲੇ 0.321094 0.464000 0.028798 0.084000
ਦੇ 0.362671 0.462000 0.025558 0.088000
ਵਿੱ 0.417207 0.459667 0.041037 0.092667
ਚ 0.452484 0.466333 0.028078 0.059333
ਲਾ 0.497480 0.464333 0.039597 0.064667
ਦੇ 0.546256 0.451333 0.026998 0.085333
ਤੁ 0.587293 0.468333 0.024838 0.082000
ਲ 0.613751 0.460000 0.025918 0.068000
ਸੀ 0.647048 0.448000 0.037077 0.085333
ਅੰ 0.694384 0.445333 0.033837 0.080000
ਬ 0.724802 0.454000 0.026998 0.062667
ਕੋ 0.757559 0.442000 0.023398 0.080000
ਈ 0.785637 0.438333 0.028438 0.087333
ਖੁ 0.824154 0.453667 0.024838 0.078000
ਸ਼ 0.848632 0.448000 0.021958 0.062667
ਬੋ 0.870230 0.439333 0.021238 0.085333
ਈ 0.897948 0.436333 0.030598 0.083333
ਦਾ 0.148488 0.578667 0.035637 0.090667
। 0.179446 0.582000 0.027718 0.066667
ਇ 0.224622 0.583333 0.037437 0.070667
ਹ 0.263139 0.569333 0.034557 0.084000
ਸਾ 0.313535 0.570333 0.035997 0.084667
ਥੀ 0.344132 0.574667 0.025198 0.072000
ਜੀ 0.366991 0.572000 0.023398 0.070667
ਵ 0.401728 0.570333 0.023758 0.067333
ਨ 0.428726 0.568000 0.023758 0.066667
ਭ 0.467963 0.558333 0.027358 0.087333
ਰ 0.512779 0.555000 0.034197 0.087333
ਦੇ 0.550036 0.553000 0.036717 0.087333
ਸਿ 0.587113 0.553667 0.042477 0.076667
ਵਿ 0.630670 0.547333 0.021598 0.082667
ਆਂ 0.656767 0.553333 0.026998 0.066667
ਤੱ 0.696364 0.550000 0.029878 0.062667
ਕ 0.726062 0.550000 0.026638 0.064000
ਨਾ 0.763139 0.544667 0.026638 0.062667
ਲ 0.787977 0.545667 0.023038 0.064667
ਸ 0.814075 0.534000 0.028438 0.080000
ੜ 0.836033 0.565667 0.011159 0.028667
ਦੇ 0.259539 0.675000 0.035997 0.064667
, 0.291037 0.675000 0.026998 0.062000
ਅ 0.315695 0.671333 0.023758 0.065333
ਮ 0.361951 0.658667 0.039237 0.080000
ਰ 0.401548 0.666333 0.037797 0.063333
ਪਿ 0.432505 0.664667 0.021958 0.062667
ਆ 0.468323 0.651000 0.025918 0.076667
ਰ 0.505760 0.657333 0.033837 0.064000
ਦੇ 0.532757 0.656333 0.020158 0.060667
ਅ 0.561555 0.645667 0.032397 0.079333
ਰ 0.603492 0.639333 0.024118 0.085333
ਸੀ 0.628330 0.638333 0.026998 0.083333
ਸੋ 0.669546 0.638000 0.032397 0.084000
ਮੇ 0.701584 0.645000 0.032397 0.064667
ਨਿੱ 0.739561 0.629667 0.024118 0.078000
ਘ 0.764039 0.637333 0.022678 0.062667
ਪੋ 0.802736 0.630667 0.033837 0.080000
ਹ 0.843413 0.623667 0.023758 0.078000
ਦੀ 0.872570 0.622667 0.034557 0.081333
ਲੋ 0.914867 0.626667 0.034917 0.068000
ਈ 0.943844 0.627667 0.010799 0.066000
ਦਾ 0.145068 0.780333 0.026638 0.090000
। 0.170986 0.784000 0.026638 0.068000
ਵੇ 0.199064 0.780000 0.030958 0.066667
ਖ 0.241721 0.777000 0.034197 0.068667
ਣਾ 0.271958 0.782333 0.021238 0.080667
ਚਾ 0.301476 0.773333 0.032037 0.065333
ਹੁ 0.340353 0.760000 0.026998 0.094667
ਣਾ 0.376170 0.753667 0.025198 0.088667
ਜੇ 0.399568 0.764000 0.022318 0.064000
ਸੱ 0.427826 0.755667 0.032037 0.078000
ਜ 0.466703 0.758333 0.024118 0.104667
ਣਾਂ 0.503960 0.759333 0.028798 0.106667
ਤੂੰ 0.526998 0.749333 0.020878 0.072000
ਮੂੰ 0.559035 0.750000 0.027358 0.056000
ਹ 0.588733 0.750000 0.032037 0.060000
ਸ 0.627790 0.749333 0.028078 0.076000
ਦਾ 0.653708 0.743000 0.022318 0.064667
ਖੁ 0.674946 0.729667 0.023038 0.082000
ਸ਼ 0.699424 0.729000 0.030958 0.087333
ਬੋ 0.745680 0.735333 0.039957 0.066667
ਈ 0.774838 0.753000 0.014039 0.035333
ਦਾ 0.258099 0.860000 0.032397 0.084000
, 0.287797 0.868667 0.026998 0.058667
ਪੌ 0.326674 0.873667 0.032037 0.078000
ਣ 0.356012 0.851333 0.026638 0.081333
ਪੁ 0.400108 0.849333 0.042837 0.086667
ਰੇ 0.444924 0.844667 0.028798 0.081333
ਦੀ 0.477142 0.845333 0.029158 0.072000
ਹੋ 0.514579 0.842667 0.032037 0.066667
ਵੇ 0.557595 0.842667 0.025918 0.093333
ਜਾਂ 0.584593 0.841333 0.028078 0.061333
ਰੁੱ 0.621130 0.827000 0.029158 0.076667
ਖ 0.661627 0.823333 0.028078 0.076000
ਹੈ 0.691685 0.820667 0.034197 0.077333
ਕੋ 0.734161 0.820333 0.023398 0.080667
ਈ 0.766919 0.815000 0.034917 0.084667
ਰੋ 0.816955 0.821000 0.040677 0.064667
ਹੀ 0.854932 0.816667 0.009359 0.062667
ਦਾ 0.936825 0.440667 0.029158 0.060000
। 0.962563 0.437000 0.013679 0.059333