ਫੁ 0.099609 0.090293 0.015625 0.067720
ਰ 0.114258 0.086907 0.011719 0.065463
ਮਾ 0.127441 0.082393 0.014648 0.060948
ਇ 0.144043 0.077878 0.014648 0.069977
ਆ 0.166016 0.083521 0.025391 0.054176
ਕੇ 0.193359 0.074492 0.013672 0.067720
ਜਿ 0.217773 0.073363 0.017578 0.074492
ਹ 0.233398 0.080135 0.013672 0.051919
ੜਾ 0.248535 0.082393 0.016602 0.060948
ਭੀ 0.277344 0.072235 0.021484 0.072235
ਪ੍ਰਾ 0.307617 0.077878 0.019531 0.065463
ਣੀ 0.330566 0.066591 0.022461 0.069977
ਇ 0.357910 0.064334 0.018555 0.074492
ਸ 0.373535 0.066591 0.012695 0.051919
ਖੂ 0.395508 0.081264 0.015625 0.085779
ਹ 0.410645 0.069977 0.014648 0.058691
ਦੇ 0.433105 0.062077 0.020508 0.065463
ਜ 0.455078 0.068849 0.013672 0.056433
ਲ 0.469727 0.067720 0.015625 0.058691
ਨਾ 0.494629 0.065463 0.018555 0.054176
ਲ 0.513184 0.064334 0.016602 0.051919
ਇ 0.539062 0.054176 0.019531 0.076749
ਸ਼ 0.556152 0.063205 0.012695 0.049661
ਨਾ 0.573242 0.060948 0.019531 0.063205
ਨ 0.591309 0.062077 0.014648 0.056433
ਕ 0.611816 0.059819 0.012695 0.060948
ਰੇ 0.624023 0.047404 0.009766 0.072235
ਗਾ 0.639648 0.056433 0.021484 0.054176
ਉ 0.668945 0.055305 0.013672 0.079007
ਸ 0.681641 0.054176 0.011719 0.054176
ਦੇ 0.696289 0.048533 0.015625 0.069977
ਸਾ 0.718750 0.053047 0.017578 0.056433
ਰੇ 0.734375 0.048533 0.013672 0.069977
ਮਾ 0.753906 0.054176 0.017578 0.049661
ਨ 0.770996 0.055305 0.010742 0.051919
ਸਿ 0.786133 0.042889 0.017578 0.076749
ਕ 0.802246 0.053047 0.012695 0.051919
ਤੇ 0.821289 0.042889 0.013672 0.063205
ਸ 0.837891 0.049661 0.011719 0.049661
ਰੀ 0.851562 0.039503 0.013672 0.069977
ਰ 0.863281 0.047404 0.007812 0.054176
ਕ 0.874023 0.048533 0.011719 0.051919
ਰੋ 0.892578 0.041761 0.011719 0.065463
ਗ 0.907227 0.048533 0.015625 0.047404
ਖ 0.096680 0.185102 0.017578 0.054176
ਤ 0.109375 0.185102 0.009766 0.049661
ਮ 0.121094 0.183973 0.013672 0.051919
ਹੋ 0.143555 0.176072 0.015625 0.067720
ਜਾ 0.167969 0.183973 0.017578 0.060948
ਣ 0.183594 0.183973 0.013672 0.056433
ਗੇ 0.199707 0.174944 0.016602 0.065463
। 0.216797 0.181716 0.005859 0.051919
ਖੂ 0.230957 0.188488 0.014648 0.069977
ਹ 0.243652 0.178330 0.012695 0.054176
ਦੇ 0.263672 0.172686 0.013672 0.060948
ਨੇ 0.283203 0.169300 0.013672 0.072235
ੜੇ 0.296387 0.169300 0.010742 0.076749
ਹੀ 0.318848 0.168172 0.016602 0.069977
ਜਿੱ 0.345215 0.167043 0.020508 0.076749
ਥੇ 0.361816 0.167043 0.012695 0.063205
ਗੁ 0.383301 0.177201 0.016602 0.060948
ਰੂ 0.397461 0.181716 0.011719 0.065463
ਮ 0.415527 0.169300 0.014648 0.049661
ਹਾ 0.431152 0.170429 0.014648 0.047404
ਰਾ 0.446777 0.167043 0.014648 0.049661
ਜ 0.459961 0.170429 0.011719 0.051919
ਦੀ 0.485352 0.161400 0.017578 0.065463
ਵਾ 0.504883 0.168172 0.015625 0.051919
ਨ 0.519531 0.167043 0.013672 0.045147
ਸ 0.537598 0.167043 0.012695 0.054176
ਜਾ 0.553223 0.167043 0.016602 0.049661
ਉਂ 0.568848 0.161400 0.010742 0.079007
ਦੇ 0.581543 0.155756 0.014648 0.067720
ਸ 0.604004 0.162528 0.012695 0.049661
ਨ 0.618164 0.160271 0.013672 0.054176
ਉ 0.638184 0.158014 0.014648 0.081264
ਸ 0.651367 0.156885 0.013672 0.051919
ਅ 0.673828 0.156885 0.021484 0.051919
ਸ 0.688965 0.153499 0.010742 0.054176
ਥਾ 0.701660 0.156885 0.012695 0.051919
ਨ 0.715332 0.156885 0.010742 0.047404
ਦਾ 0.737305 0.154628 0.015625 0.051919
ਨਾ 0.762207 0.153499 0.016602 0.049661
ਮ 0.776855 0.151242 0.012695 0.054176
ਸ਼੍ਰੀ 0.799805 0.148984 0.017578 0.076749
ਮੰ 0.818848 0.144470 0.014648 0.058691
ਜੀ 0.834473 0.144470 0.018555 0.067720
ਸਾ 0.855957 0.148984 0.016602 0.054176
ਹਿ 0.872559 0.141084 0.016602 0.069977
ਬ 0.886230 0.146727 0.010742 0.049661
ਛੇ 0.906738 0.142212 0.016602 0.076749
ਵੇਂ 0.095703 0.279910 0.017578 0.076749
ਪਾ 0.110840 0.276524 0.012695 0.083521
ਤ 0.131348 0.286682 0.018555 0.054176
ਸ਼ਾ 0.147461 0.284424 0.011719 0.054176
ਹ 0.161621 0.286682 0.016602 0.058691
ਗੁ 0.178223 0.284424 0.012695 0.058691
ਰੂ 0.201172 0.288939 0.017578 0.072235
ਹ 0.215820 0.293454 0.011719 0.081264
ਰ 0.234375 0.283296 0.011719 0.056433
ਗੋ 0.247070 0.282167 0.009766 0.054176
ਬਿੰ 0.259277 0.274266 0.014648 0.074492
ਦ 0.275391 0.272009 0.015625 0.083521
ਸਾ 0.290039 0.278781 0.013672 0.056433
ਹਿ 0.312988 0.275395 0.016602 0.058691
ਬ 0.330566 0.270880 0.016602 0.085779
ਜੀ 0.344727 0.277652 0.013672 0.058691
ਭੀ 0.371094 0.266366 0.019531 0.076749
ਇ 0.399414 0.268623 0.021484 0.072235
ਥੇ 0.427246 0.265237 0.018555 0.079007
ਹੀ 0.442871 0.264108 0.010742 0.076749
ਬਿ 0.465332 0.262980 0.018555 0.074492
ਰਾ 0.489258 0.259594 0.017578 0.076749
ਜ 0.505859 0.268623 0.015625 0.058691
ਕੇ 0.521484 0.270880 0.011719 0.058691
ਸੰ 0.540527 0.256208 0.014648 0.079007
ਗ 0.560547 0.256208 0.015625 0.065463
ਤਾਂ 0.575684 0.262980 0.014648 0.051919
ਨੂੰ 0.592285 0.259594 0.016602 0.063205
ਧ 0.614258 0.267494 0.013672 0.088036
ਰ 0.634277 0.259594 0.012695 0.054176
ਮ 0.644531 0.260722 0.009766 0.056433
ਉ 0.657227 0.256208 0.015625 0.047404
ਪ 0.676270 0.253950 0.012695 0.079007
ਦੇ 0.689453 0.255079 0.013672 0.054176
ਸ਼ 0.703125 0.244921 0.011719 0.074492
ਕ 0.715332 0.256208 0.012695 0.051919
ਰਿ 0.735840 0.253950 0.010742 0.056433
ਆ 0.747559 0.247178 0.014648 0.074492
ਕ 0.767090 0.251693 0.022461 0.051919
ਰ 0.791504 0.250564 0.010742 0.045147
ਦੇ 0.802246 0.249436 0.008789 0.051919
ਸ 0.815918 0.244921 0.014648 0.065463
ਨ 0.834473 0.247178 0.012695 0.051919
। 0.847656 0.247178 0.011719 0.047404
ਇ 0.857910 0.247178 0.006836 0.047404
ਥੇ 0.871094 0.235892 0.015625 0.074492
ਹੀ 0.883301 0.234763 0.010742 0.067720
ਛੇ 0.906738 0.234763 0.018555 0.067720
ਵੇਂ 0.094238 0.383747 0.014648 0.067720
ਪਾ 0.109375 0.381490 0.015625 0.072235
ਤ 0.130859 0.388262 0.017578 0.049661
ਸ਼ਾ 0.143555 0.387133 0.009766 0.056433
ਹ 0.157227 0.388262 0.015625 0.054176
ਗੁ 0.173828 0.387133 0.015625 0.051919
ਰੂ 0.192383 0.390519 0.015625 0.067720
ਹ 0.205566 0.396163 0.010742 0.074492
ਰਿ 0.226562 0.384876 0.011719 0.051919
ਗੋ 0.240234 0.374718 0.013672 0.081264
ਬਿੰ 0.255859 0.376975 0.013672 0.063205
ਦ 0.271973 0.375847 0.016602 0.065463
ਸਾ 0.286621 0.384876 0.012695 0.051919
ਹਿ 0.307617 0.378104 0.017578 0.047404
ਬ 0.325195 0.373589 0.017578 0.069977
ਜੀ 0.341797 0.379233 0.015625 0.054176
ਨੇ 0.368652 0.372460 0.018555 0.072235
ਮੁ 0.394043 0.370203 0.014648 0.067720
ਗ 0.417480 0.380361 0.016602 0.065463
ਲ 0.434082 0.374718 0.014648 0.054176
ਹ 0.448730 0.376975 0.014648 0.058691
ਕੂ 0.470703 0.374718 0.013672 0.049661
ਮ 0.483398 0.386005 0.011719 0.081264
ਤ 0.494629 0.372460 0.012695 0.063205
ਦੇ 0.507324 0.372460 0.012695 0.054176
ਜੁ 0.526855 0.363431 0.016602 0.067720
ਲ 0.548828 0.374718 0.015625 0.067720
ਮ 0.561523 0.371332 0.011719 0.056433
ਵਿ 0.575195 0.366817 0.013672 0.051919
ਰੁ 0.600098 0.355530 0.018555 0.074492
ਧ 0.616211 0.370203 0.011719 0.058691
ਚੌ 0.628418 0.360045 0.012695 0.056433
ਥੀ 0.650879 0.357788 0.016602 0.065463
ਜੰ 0.668457 0.354402 0.018555 0.072235
ਗ 0.692871 0.354402 0.014648 0.072235
ਲ 0.708496 0.356659 0.016602 0.054176
ੜੀ 0.731934 0.355530 0.014648 0.056433
ਅ 0.748535 0.349887 0.016602 0.072235
ਤੇ 0.769531 0.351016 0.017578 0.051919
ਫ਼ 0.782227 0.346501 0.009766 0.069977
ਤਿ 0.802734 0.352144 0.011719 0.049661
ਹ 0.815430 0.341986 0.013672 0.074492
ਹਾ 0.830566 0.348758 0.012695 0.051919
ਸ 0.850098 0.346501 0.016602 0.047404
ਲ 0.864746 0.348758 0.010742 0.051919
ਕੀ 0.875488 0.345372 0.012695 0.049661
ਤੀ 0.896973 0.336343 0.016602 0.067720
। 0.914062 0.336343 0.015625 0.072235
ਇ 0.927734 0.343115 0.007812 0.049661
ਥੇ 0.092285 0.481941 0.018555 0.074492
ਸ੍ਰੀ 0.107910 0.483070 0.012695 0.063205
ਗੁ 0.127441 0.487585 0.018555 0.081264
ਰੂ  0.149902 0.495485 0.012695 0.060948
ਹ 0.162598 0.500000 0.012695 0.069977
ਰਿ 0.182129 0.486456 0.010742 0.047404
ਗੋ 0.193848 0.483070 0.014648 0.072235
ਬਿੰ 0.208984 0.483070 0.013672 0.063205
ਦ 0.224121 0.478555 0.016602 0.072235
ਸਾ 0.242188 0.488713 0.015625 0.051919
ਹਿ 0.266602 0.484199 0.017578 0.047404
ਬ 0.284180 0.475169 0.015625 0.074492
ਜੀ 0.299805 0.485327 0.013672 0.049661
ਨੇ 0.323730 0.478555 0.016602 0.067720
ਆ 0.346191 0.475169 0.014648 0.065463
ਪ 0.372070 0.480813 0.025391 0.049661
ਣੇ 0.392578 0.479684 0.011719 0.051919
ਖਾ 0.405273 0.471783 0.013672 0.072235
ਸ 0.428711 0.476298 0.019531 0.054176
ਜ 0.445801 0.477427 0.014648 0.047404
ਰ 0.467773 0.478555 0.011719 0.054176
ਨੈ 0.479980 0.476298 0.008789 0.049661
ਲ 0.490723 0.468397 0.012695 0.074492
ਪੈ 0.504395 0.475169 0.014648 0.047404
ਦੇਂ 0.525391 0.463883 0.015625 0.069977
ਖਾਂ  0.540527 0.466140 0.014648 0.065463
ਨੂੰ 0.563965 0.466140 0.020508 0.060948
ਮਾ 0.588379 0.476298 0.014648 0.081264
ਰਿ 0.607422 0.467269 0.019531 0.049661
ਆ 0.625977 0.458239 0.015625 0.076749
ਸੀ 0.645996 0.462754 0.022461 0.054176
। 0.674316 0.454853 0.020508 0.065463
ਇ 0.690918 0.458239 0.004883 0.045147
ਥੇ 0.703613 0.449210 0.016602 0.067720
ਹੀ 0.718750 0.450339 0.011719 0.069977
ਮ 0.740723 0.449210 0.016602 0.067720
ਹਾ 0.763184 0.454853 0.012695 0.051919
ਰਾ 0.776367 0.452596 0.013672 0.047404
ਜ 0.791504 0.450339 0.012695 0.051919
ਛੇ 0.807129 0.453725 0.012695 0.058691
ਵੇਂ 0.827637 0.443567 0.012695 0.069977
ਪਾ 0.841309 0.439052 0.014648 0.074492
ਤ 0.864746 0.443567 0.018555 0.051919
ਸ਼ਾ 0.880859 0.446953 0.009766 0.049661
ਹ 0.895020 0.444695 0.014648 0.045147
ਜੀ 0.911621 0.443567 0.014648 0.047404
ਨੇ 0.281250 0.581264 0.019531 0.069977
ਕ 0.304688 0.584650 0.015625 0.072235
ਮ 0.328613 0.585779 0.012695 0.051919
ਰ 0.340820 0.584650 0.013672 0.049661
ਕ 0.353516 0.583521 0.009766 0.056433
ਸਾ 0.365234 0.580135 0.011719 0.063205
ਖੋ 0.382324 0.582393 0.022461 0.054176
ਲ 0.413086 0.577878 0.015625 0.067720
ਕਿ 0.429688 0.582393 0.017578 0.058691
ਦ 0.460938 0.571106 0.021484 0.076749
ਮ 0.491699 0.579007 0.012695 0.051919
ਲਿ 0.506836 0.579007 0.017578 0.051919
ਆ 0.540039 0.565463 0.025391 0.074492
ਸੀ 0.569824 0.572235 0.034180 0.051919
। 0.608398 0.562077 0.021484 0.072235
ਦਾ 0.630371 0.564334 0.006836 0.049661
ਸ 0.800781 0.593679 0.021484 0.045147
ਮੰ 0.820312 0.591422 0.013672 0.040632
ਨੇ 0.846680 0.577878 0.017578 0.067720
ਜ 0.863770 0.576749 0.014648 0.065463
ਰ 0.880371 0.583521 0.016602 0.047404
2 0.898438 0.580135 0.015625 0.045147
2 0.741211 0.830700 0.021484 0.081264
/ 0.761719 0.831828 0.015625 0.083521
0 0.781250 0.830700 0.015625 0.085779
7 0.800781 0.830700 0.017578 0.076749
/ 0.820312 0.829571 0.017578 0.074492
2 0.839844 0.829571 0.015625 0.083521
0 0.860352 0.829571 0.017578 0.079007
0 0.879395 0.828442 0.016602 0.081264
9 0.898926 0.830700 0.018555 0.076749