ਸ਼ 0.183649 0.588389 0.045149 0.103066
ਰਾ 0.235815 0.588063 0.050641 0.103718
ਬ 0.284930 0.588389 0.045149 0.104371
ਪੀ 0.358755 0.575016 0.064674 0.140248
ਕੇ 0.438377 0.573386 0.051861 0.140900
ਗੱ 0.131788 0.744618 0.048810 0.135029
ਡੀ 0.186699 0.744292 0.061013 0.142205
ਨਾ 0.267846 0.758643 0.054912 0.110894
ਚ 0.347773 0.764514 0.045149 0.105675
ਲਾ 0.397804 0.764514 0.057352 0.108284
ਉ 0.457291 0.766797 0.048200 0.157208
। 0.503356 0.770059 0.021965 0.102414
ਵਾ 0.602196 0.524462 0.039048 0.076973
ਹ 0.633618 0.519243 0.023795 0.082192
ਨ 0.656803 0.520548 0.025015 0.074364
ਚ 0.690970 0.515329 0.028676 0.075669
ਲਾ 0.719951 0.514025 0.029286 0.071755
ਉ 0.750458 0.508806 0.030506 0.114808
ਦੇ 0.776998 0.493151 0.028676 0.093933
ਸ 0.807200 0.505219 0.028066 0.072407
ਮੇਂ 0.836486 0.488584 0.031727 0.092629
ਮੋ 0.650092 0.626549 0.034777 0.099804
ਬਾ 0.676022 0.641553 0.029286 0.060665
ਇ 0.709579 0.625245 0.028066 0.093281
ਲ 0.739475 0.632094 0.031727 0.076973
ਫੋ 0.772422 0.620678 0.025625 0.091977
ਨ 0.796522 0.632746 0.020134 0.065232
ਦੀ 0.623246 0.757665 0.035998 0.091977
ਵ 0.664124 0.763862 0.025015 0.067841
ਰ 0.688530 0.753425 0.023795 0.071755
ਤੋ 0.708969 0.745923 0.023185 0.103718
ਨਾ 0.744051 0.749185 0.034777 0.067189
ਕ 0.781269 0.744618 0.026236 0.064579
ਰੋ 0.802929 0.728637 0.020744 0.090020
। 0.824893 0.738095 0.014643 0.072407