7 0.329804 0.288932 0.054409 0.323213
6 0.385419 0.297747 0.051461 0.305583
ਲੱ 0.465827 0.263467 0.067542 0.350637
ਖ 0.527070 0.309011 0.054945 0.249755
ਬੂ 0.315733 0.685602 0.034307 0.205681
ਟੇ 0.347494 0.628306 0.030823 0.202742
1 0.386358 0.650343 0.022782 0.178257
2 0.413830 0.640548 0.029483 0.188051
, 0.436344 0.723800 0.012865 0.076396
9 0.456848 0.640548 0.028143 0.178257
8 0.487671 0.639569 0.028143 0.176298
6 0.516752 0.630754 0.027339 0.178257
ਪਿੰ 0.555615 0.611166 0.042348 0.207640
ਡਾਂ 0.593139 0.622429 0.034307 0.171401
' 0.627312 0.558276 0.011525 0.088149
ਚ 0.649156 0.633203 0.032163 0.134182
ਲ 0.691370 0.624388 0.028143 0.142018
ਗਾ 0.727419 0.628306 0.040204 0.140059
ਏ 0.760252 0.590108 0.025462 0.190989
ਗ 0.798579 0.617532 0.028143 0.132223
ਏ 0.828330 0.583252 0.028679 0.181195