ਤੰ 0.082713 0.268188 0.095982 0.243386
ਬਾ 0.184400 0.290013 0.102431 0.175926
ਕੂ 0.283606 0.333829 0.080109 0.254960
ਨੋ 0.363591 0.263393 0.102183 0.242394
ਸ਼ੀ 0.464906 0.258598 0.092014 0.260582
ਮੁ 0.555928 0.309689 0.063244 0.221892
ਕ 0.622024 0.289517 0.059028 0.170966
ਤ 0.684028 0.290013 0.047123 0.167328
ਖੇ 0.749504 0.255952 0.060020 0.229497
ਤ 0.813616 0.288525 0.059772 0.164352
ਰ 0.878348 0.291171 0.055308 0.161045
ਇੱ 0.070312 0.673115 0.093502 0.246362
ਥੇ 0.151538 0.666667 0.068948 0.238095
ਤੰ 0.244420 0.667163 0.068700 0.223876
ਬਾ 0.313492 0.682705 0.074405 0.171627
ਕੂ 0.391245 0.714120 0.058284 0.228505
ਨੋ 0.447545 0.652778 0.080109 0.203704
ਸ਼ੀ 0.528026 0.636739 0.074405 0.252976
ਅ 0.613219 0.664517 0.075149 0.161045
ਪ 0.674727 0.652778 0.044891 0.167328
ਰਾ 0.726066 0.647983 0.054315 0.166336
ਧ 0.785218 0.648975 0.056052 0.153770
ਹੈ 0.859995 0.605324 0.061756 0.228505