ਆ 0.182416 0.381283 0.079117 0.088624
ਲਾ  0.248264 0.377976 0.068452 0.091931
ਦੁ 0.321553 0.382440 0.042907 0.092923
ਆ 0.381448 0.375165 0.071925 0.086310
ਲਾ 0.451885 0.371528 0.066468 0.086971
ਜੇ 0.518725 0.358631 0.061260 0.116071
ਹੋ 0.594990 0.347553 0.052579 0.113757
ਵੇ 0.648810 0.344081 0.050099 0.111442
ਸਾ 0.712922 0.352513 0.062252 0.083333
ਫ 0.769717 0.353340 0.048859 0.073082
, 0.813244 0.379299 0.027282 0.033069
ਤ 0.112227 0.513889 0.042907 0.103836
ਨ 0.159722 0.522983 0.043651 0.093585
ਮ 0.212674 0.516204 0.047867 0.095899
ਨ 0.261905 0.519180 0.046131 0.095238
ਖਿ 0.322173 0.503307 0.046627 0.128307
ੜ 0.370784 0.521991 0.041171 0.108796
ਜਾ 0.446429 0.509755 0.066468 0.100860
ਵੇ 0.509921 0.494378 0.052083 0.113757
ਆ 0.586186 0.501653 0.065228 0.095899
ਪ 0.642113 0.500827 0.035714 0.097553
ਣੇ 0.682044 0.482308 0.043155 0.118717
ਆ 0.749132 0.496197 0.075645 0.094246
ਪ 0.815104 0.496528 0.052827 0.094907
ਭਾ 0.444320 0.855489 0.072173 0.077381
ਰ 0.506200 0.860284 0.049603 0.072421
ਤ 0.556548 0.865079 0.044643 0.070767