ਇ 0.341880 0.224074 0.029060 0.140741
ਸ 0.367094 0.239815 0.021368 0.112963
ਦੁ 0.395299 0.255556 0.024786 0.137037
ਕਾ 0.419658 0.239815 0.025641 0.112963
ਨ 0.443162 0.237037 0.021368 0.122222
ਤੋਂ 0.472222 0.219444 0.028205 0.150000
ਬੀ 0.507265 0.213889 0.028205 0.146296
ੜੀ 0.535043 0.212037 0.027350 0.157407
- 0.555983 0.233333 0.014530 0.037037
ਸਿ 0.579487 0.212963 0.030769 0.144444
ਗ 0.605556 0.231481 0.021368 0.122222
ਰ 0.625214 0.231481 0.017949 0.125926
ਟ, 0.652137 0.226852 0.034188 0.150000
ਜ 0.384188 0.425000 0.024786 0.124074
ਰ 0.406410 0.419444 0.017949 0.120370
ਦਾ 0.429060 0.413889 0.027350 0.124074
ਤੇ 0.463248 0.402778 0.023932 0.146296
ਤ 0.490171 0.417593 0.023077 0.112963
ਮਾ 0.514530 0.409259 0.025641 0.129630
ਕੂ 0.539316 0.427778 0.023932 0.181481
ਨਾ 0.572222 0.414815 0.028205 0.125926
ਲ 0.600000 0.407407 0.022222 0.122222
ਸ 0.298718 0.634259 0.024786 0.124074
ਬੰ 0.321368 0.614815 0.020513 0.162963
ਧ 0.342308 0.629630 0.017949 0.125926
ਤ 0.363248 0.635185 0.022222 0.114815
ਕੋ 0.395299 0.613889 0.024786 0.157407
ਈ 0.423932 0.614815 0.032479 0.155556
ਚੀ 0.463675 0.611111 0.029915 0.162963
ਜ਼ 0.489316 0.627778 0.021368 0.137037
ਨ 0.519658 0.634259 0.022222 0.131481
ਹੀ 0.547863 0.611111 0.029060 0.170370
ਮਿ 0.588462 0.612037 0.033333 0.172222
ਲ 0.617521 0.625926 0.021368 0.133333
ਦੀ 0.645726 0.603704 0.031624 0.170370
ਹੈ 0.682479 0.605556 0.028205 0.174074