ਜੇ 0.450397 0.296462 0.050595 0.105489
ਪੂ 0.517609 0.315642 0.047123 0.114087
ਰਾ 0.576389 0.303406 0.062500 0.091601
ਕ 0.646825 0.305390 0.049603 0.089616
ਰ 0.692088 0.305556 0.042411 0.078704
ਨਾ 0.751240 0.306548 0.072917 0.093915
ਖੁ 0.448785 0.479332 0.084077 0.157738
ਆ 0.551587 0.462302 0.120040 0.125661
ਬਾਂ 0.666047 0.436839 0.103919 0.160053
ਨੂੰ 0.780382 0.452877 0.089534 0.202712
, 0.853175 0.490741 0.036706 0.071429
ਤਾਂ 0.502480 0.608466 0.080853 0.104497
ਰ 0.586806 0.599372 0.046627 0.124669
ਖਿ 0.645957 0.598876 0.065724 0.138889
ਓ 0.707589 0.601025 0.049603 0.125992
ਨਾ 0.782366 0.613757 0.072669 0.102513
ਲ 0.847098 0.610615 0.055308 0.100198
ਕਿ 0.562004 0.788856 0.120040 0.230489
ਤਾ 0.670759 0.801091 0.097470 0.171627
ਬਾਂ 0.776414 0.774967 0.113839 0.211310
ਨੂੰ 0.887525 0.804067 0.094494 0.303902
। 0.962054 0.765377 0.035218 0.176918
ਪ 0.209573 0.660053 0.022321 0.033730
ੜ੍ਹੋ 0.229787 0.649306 0.021081 0.041997
ਪੰ 0.203125 0.701885 0.022817 0.038029
ਜਾ 0.223958 0.702877 0.021825 0.042659
ਬ 0.245040 0.689484 0.022321 0.029101
ਪ 0.308284 0.621197 0.018353 0.027447
ੜ੍ਹਾ 0.328993 0.618882 0.019097 0.030754
ਓ 0.348710 0.601687 0.018353 0.042659
ਪੰ 0.312748 0.657407 0.018353 0.035053
ਜਾ 0.333333 0.659722 0.019841 0.042328
ਬ 0.354539 0.645833 0.022569 0.029762