ਇ 0.256283 0.212460 0.119709 0.211502
ਕਾ 0.351190 0.224601 0.066138 0.105431
ਈ 0.440476 0.172204 0.103175 0.160383
ਆਂ 0.558862 0.137700 0.125661 0.133546
ਦਾ 0.586971 0.303514 0.090608 0.080511
ਪ 0.207011 0.524281 0.080688 0.173163
ਰਿ 0.304233 0.488179 0.095238 0.198083
ਵ 0.390212 0.485304 0.062169 0.123323
ਰ 0.452381 0.465495 0.062169 0.107987
ਤ 0.525463 0.443131 0.078704 0.105431
ਨ 0.621693 0.426518 0.109788 0.107987
ਸ 0.672950 0.967891 0.039683 0.036102
ਰ 0.691964 0.951438 0.021495 0.032588
ਕਾ 0.709325 0.927955 0.029762 0.037380
ਰੀ 0.737269 0.907987 0.030754 0.050479
ਮਿ 0.771329 0.899681 0.035384 0.046645
ਡ 0.801091 0.903674 0.020172 0.037380
ਲ 0.827381 0.906070 0.029101 0.040256
ਸ 0.858962 0.919169 0.018849 0.040256
ਕੂ 0.877646 0.931470 0.019180 0.037380
ਲ 0.899471 0.943610 0.025132 0.036741
7 0.919478 0.956230 0.023479 0.023642
ਬੀ 0.936839 0.976358 0.031085 0.038339
ਰੋ 0.936177 0.975719 0.031085 0.038339
ਜਾ 0.722553 0.966933 0.016534 0.036102
ਨਾ 0.740906 0.971885 0.021495 0.033227
ਹਾ 0.763724 0.971885 0.020172 0.030671
ਜ਼ 0.788194 0.971565 0.018849 0.031949
ਰੀ 0.805225 0.971406 0.015212 0.034185
ਬੋ 0.823909 0.968530 0.020833 0.039936
ਰ 0.846892 0.970447 0.016534 0.039297
ਡ 0.860780 0.973163 0.015212 0.033866