ਪਾ 0.309689 0.299355 0.110119 0.088294
ਣੀ 0.420470 0.285590 0.110119 0.129712
ਬ 0.579861 0.304812 0.096892 0.084325
ਚਾ 0.700397 0.306052 0.117725 0.085317
ਓ 0.814980 0.281250 0.092923 0.130456
ਪੰ 0.305721 0.420015 0.092923 0.114831
ਜਾ 0.410384 0.440352 0.109788 0.087550
ਬ 0.509590 0.434276 0.083995 0.081349
ਬ 0.625661 0.432044 0.093254 0.075397
ਚਾ 0.721892 0.433780 0.095899 0.070933
ਓ 0.824405 0.413318 0.089286 0.111855
ਪਾ 0.323909 0.525794 0.067791 0.049603
ਣੀ 0.389220 0.519717 0.060185 0.069692
ਦੀ 0.467262 0.517733 0.065476 0.061260
ਸ 0.536872 0.521205 0.052579 0.048363
ਹੀ 0.594246 0.511905 0.051587 0.064484
ਵ 0.657738 0.519097 0.033730 0.042163
ਰ 0.699074 0.518229 0.042989 0.043899
ਤੋਂ 0.741567 0.506448 0.040013 0.064980
ਕ 0.790344 0.518229 0.033069 0.048363
ਰੋ 0.826058 0.503224 0.037037 0.067956
। 0.860780 0.516245 0.013889 0.046875