ਦੋ 0.274926 0.323578 0.051339 0.105489
ਵੇਂ 0.332961 0.321925 0.064732 0.104167
ਹੱ 0.413194 0.320767 0.046131 0.099868
ਥ 0.464286 0.329200 0.049107 0.081680
ਜੋ 0.545015 0.312996 0.053323 0.107474
ੜ 0.595610 0.323082 0.045387 0.077381
ਬੇ 0.677207 0.307044 0.054812 0.093585
ਨ 0.730407 0.314980 0.049107 0.072421
ਤੀ 0.797991 0.300099 0.078621 0.100860
ਜੁ 0.190228 0.476025 0.038194 0.104167
ਰਾ 0.240451 0.463459 0.048859 0.088955
ਬਾਂ 0.298859 0.455688 0.058036 0.099206
ਉ 0.376240 0.450562 0.055556 0.137235
ਤਾ 0.423735 0.453373 0.045387 0.095899
ਰ 0.469990 0.456184 0.041171 0.082341
ਕੇ 0.534102 0.440807 0.053323 0.111111
ਅ 0.600942 0.450893 0.058532 0.083003
ਤੇ 0.651538 0.433201 0.046131 0.115079
ਪੈ 0.714410 0.429067 0.053323 0.115410
ਰ 0.764013 0.441964 0.043403 0.086310
ਧੋ 0.824529 0.424769 0.054315 0.116071
ਕੇ 0.895585 0.424438 0.063492 0.108796
ਹੀ 0.216270 0.604497 0.066964 0.121032
ਗੁ  0.288318 0.623843 0.045387 0.122685
ਰੂ 0.336062 0.630291 0.046627 0.145503
ਦੀ 0.417411 0.596065 0.065476 0.129960
ਹ 0.490203 0.606647 0.045387 0.097553
ਜ਼ੂ 0.537822 0.624008 0.048363 0.143519
ਰੀ 0.594618 0.586806 0.067708 0.135251
ਜਾ 0.677827 0.600529 0.065972 0.101852
ਓ 0.739831 0.579530 0.061508 0.141865
ਜੀ 0.831845 0.582672 0.079861 0.132275
। 0.904638 0.598214 0.028522 0.103175
ਧੰ 0.453001 0.754134 0.050843 0.129960
ਨ 0.503100 0.773148 0.045387 0.093254
ਵਾ 0.561012 0.776786 0.063492 0.097884
ਦ 0.624008 0.771495 0.055060 0.099868