ਸ਼ 0.129945 0.402514 0.043822 0.162477
ਹੀ 0.179702 0.375230 0.055691 0.183936
ਦ 0.232197 0.390251 0.042605 0.140405
ਭਾ 0.304169 0.392397 0.062386 0.144697
ਈ 0.367012 0.377989 0.062082 0.175966
ਤ 0.440353 0.393624 0.042605 0.136113
ਰ 0.479610 0.390865 0.034693 0.144083
ਲੋ 0.519933 0.375843 0.040475 0.174126
ਕ 0.563603 0.391478 0.042605 0.131821
ਸਿੰ 0.637097 0.369712 0.064212 0.183936
ਘ 0.699178 0.385960 0.058125 0.142857
ਮ 0.769781 0.384733 0.049604 0.131821
ਝੈ 0.811777 0.354690 0.045344 0.189454
ਲ 0.857121 0.382894 0.045344 0.141631
ਯਾ 0.254413 0.625383 0.084601 0.147149
ਦ 0.317712 0.629368 0.036519 0.150215
ਗਾ 0.374467 0.626609 0.076993 0.144697
ਰੀ 0.442788 0.610668 0.060864 0.183936
ਲਾ 0.535301 0.624464 0.073037 0.153893
ਇ 0.604687 0.597486 0.065733 0.191907
ਬ 0.658399 0.621091 0.039257 0.147149
ਰੇ 0.695679 0.600552 0.040779 0.201717
ਰੀ 0.748478 0.602085 0.066038 0.185162