ਰਾ 0.299694 0.776730 0.051988 0.031447
ਜ 0.349643 0.771944 0.044852 0.043205
ਧਾ 0.389399 0.777276 0.027523 0.028712
ਨੀ 0.424312 0.777140 0.037207 0.026798
ਚੰ 0.451835 0.789992 0.013761 0.013672
ਡੀ 0.479103 0.776319 0.030581 0.027345
ਗ 0.506626 0.780421 0.025484 0.035548
ੜ੍ਹ 0.531346 0.774542 0.022936 0.027618
ਜਿ 0.554281 0.773722 0.021916 0.028712
ਲੇ 0.574414 0.787941 0.017329 0.013946
2 0.605505 0.776046 0.032620 0.027892
2 0.634047 0.774679 0.022426 0.029532
ਖੇ 0.670489 0.768936 0.046381 0.038830
ਤ 0.706167 0.775089 0.022936 0.028712
ਰ 0.733435 0.774542 0.024465 0.027618
ਫ 0.750000 0.790539 0.020897 0.014766
ਲ 0.072630 0.823899 0.032110 0.038830
5 0.113150 0.829779 0.041794 0.029806
0 0.171254 0.822942 0.033639 0.041291
, 0.206167 0.828821 0.030071 0.030626
3 0.253823 0.824720 0.033639 0.039377
6 0.286188 0.828001 0.030071 0.028986
2 0.316514 0.828821 0.029562 0.027345
ਵ 0.353976 0.820891 0.045362 0.043752
ਰ 0.394750 0.822942 0.015800 0.040744
ਗ 0.419980 0.825950 0.029562 0.029806
ਕਿ 0.449286 0.827181 0.029052 0.040470
ਲੋ 0.479358 0.823763 0.023955 0.030900
ਮੀ 0.507900 0.824036 0.024975 0.028165
ਟ 0.545362 0.824173 0.046891 0.028986
ਰ 0.582824 0.821985 0.018858 0.045392
ਭਾ 0.611621 0.827728 0.027523 0.031720
ਸ਼ਾ 0.644241 0.823216 0.033639 0.025978
ਪੰ 0.674312 0.823079 0.024465 0.025157
ਜਾ 0.704638 0.824173 0.033129 0.028439
ਬੀ 0.740826 0.819934 0.037207 0.023790
, 0.752548 0.839759 0.020897 0.012579
ਹਿੰ 0.072120 0.871479 0.030071 0.038830
ਦੀ 0.105250 0.877769 0.035168 0.026798
ਫ 0.148318 0.876538 0.034659 0.028165
ਸ 0.192151 0.875718 0.027523 0.024337
ਲਾਂ  0.228084 0.874487 0.038226 0.024063
ਕ 0.263252 0.874487 0.029052 0.027892
ਣ 0.282110 0.890074 0.013761 0.014766
ਕ 0.305046 0.876401 0.028033 0.029532
, 0.338685 0.873257 0.033129 0.029259
ਕ 0.375637 0.868335 0.036697 0.039103
ਪਾ 0.401886 0.887750 0.013761 0.011211
ਹ 0.429409 0.873530 0.041284 0.027618
, 0.464577 0.873257 0.022936 0.026524
ਆ 0.483180 0.885972 0.011213 0.012579
ਲੂ 0.508919 0.872573 0.023955 0.026798
, 0.539501 0.872573 0.033129 0.023517
ਚੌ 0.570336 0.867788 0.036697 0.038556
ਲ 0.614679 0.868471 0.044852 0.028986
, 0.641947 0.887203 0.017839 0.012305
ਚ 0.072885 0.925349 0.027523 0.030626
ਨਾ 0.101427 0.926169 0.027523 0.030079
, 0.128695 0.927536 0.022936 0.026798
ਗੰ 0.155963 0.926853 0.028542 0.027618
ਨਾ 0.185270 0.922067 0.013761 0.038830
, 0.208970 0.918512 0.027523 0.038283
ਜੌਂ 0.233945 0.924528 0.022426 0.028439
, 0.266565 0.919470 0.037717 0.040197
ਬਾ 0.297910 0.918786 0.013761 0.037189
ਜ 0.309123 0.937380 0.013761 0.012032
ਰਾ 0.331040 0.917419 0.034149 0.039923
, 0.366718 0.916462 0.033129 0.042931
ਮੱ 0.409276 0.916462 0.026504 0.037462
ਕੀ 0.456932 0.914411 0.039246 0.039377
ਰੇ 0.493629 0.921110 0.035168 0.028712
ਲ 0.525739 0.921110 0.025994 0.025978
ਮਾ 0.545107 0.934099 0.014781 0.012579
ਰ 0.569572 0.919880 0.033129 0.028439
ਗ 0.602956 0.915231 0.030581 0.044846
2 0.643476 0.919333 0.033129 0.027892
, 0.675331 0.915094 0.034659 0.036369
1 0.701070 0.919470 0.021916 0.027618
4 0.737258 0.917692 0.032110 0.025157
0 0.763507 0.916325 0.021407 0.033908
 ਕਿ 0.090214 0.976210 0.055046 0.031173
ਮੀ 0.146534 0.975937 0.048420 0.028986
ਸ 0.201325 0.967460 0.054027 0.045939
ੜ 0.271152 0.971972 0.029562 0.030353
ਕ 0.288736 0.988105 0.012742 0.012305
ਮਾ 0.309123 0.973612 0.023955 0.028712
ਰ 0.334862 0.972929 0.017329 0.030079
ਗ 0.348624 0.984413 0.010194 0.012032
4 0.374618 0.972655 0.033639 0.027892
6 0.408512 0.970878 0.030071 0.029806
, 0.431193 0.986601 0.011213 0.014219
2 0.455148 0.970741 0.026504 0.030079
3 0.484964 0.970878 0.022936 0.030353
2 0.515545 0.969784 0.024975 0.029806
ਕਿ 0.039246 0.065081 0.071356 0.049221
ਮੀ 0.095566 0.068089 0.045362 0.047580
ਹ 0.146024 0.065217 0.056575 0.051135
ਵਾ 0.205657 0.054690 0.056575 0.082034
ਈ 0.295872 0.063440 0.049439 0.065628
ਅੱ 0.352192 0.061389 0.058104 0.065901
ਡਾ 0.408512 0.069456 0.056575 0.050861
ਅੰ 0.466871 0.076292 0.060143 0.060159
ਮ੍ਰਿ 0.050459 0.129478 0.077472 0.064807
ਤ 0.116972 0.134673 0.062691 0.066995
ਸ 0.231142 0.140826 0.058614 0.047580
ਰ 0.285423 0.140826 0.051988 0.049221
, 0.039501 0.194832 0.046381 0.059338
ਬ 0.081040 0.202215 0.033639 0.036916
ਠਿੰ 0.124618 0.202899 0.042304 0.036095
ਡਾ 0.164883 0.203309 0.032110 0.041291
, 0.209480 0.202899 0.056065 0.042111
ਚੰ 0.272171 0.203309 0.037717 0.042931
ਡੀ 0.308869 0.203719 0.030581 0.036095
ਗ 0.327727 0.222587 0.018349 0.016407
ੜ੍ਹ 0.352956 0.201805 0.030071 0.037189
, 0.385066 0.202352 0.033129 0.037736
ਲੁ 0.415647 0.203719 0.028033 0.038283
ਧਿ 0.463303 0.205360 0.039755 0.038830
ਆ 0.497452 0.203992 0.026504 0.036642
ਣਾ 0.529817 0.204813 0.045362 0.038830
ਜ 0.590214 0.197703 0.045872 0.060705
ਲ 0.632773 0.199344 0.033129 0.048127
ਵਾ 0.676351 0.196336 0.051988 0.058518
ਯੂ 0.719164 0.205360 0.032620 0.038830
ਗ 0.750765 0.206727 0.030581 0.037736
ਰ 0.050714 0.262237 0.068807 0.042111
ਮੀ 0.119776 0.261827 0.064220 0.034728
4 0.235729 0.255674 0.053517 0.049768
5 0.286442 0.265108 0.043833 0.035822
0 0.337666 0.256358 0.054536 0.053322
t 0.371814 0.287941 0.029052 0.020782
o 0.427880 0.253760 0.058614 0.061799
3 0.487513 0.258819 0.054536 0.062073
5 0.041794 0.322669 0.054027 0.042658
( 0.091743 0.321438 0.042813 0.038009
ਔ 0.151886 0.320755 0.071356 0.047580
ਸ 0.240061 0.323626 0.042813 0.039103
ਤ 0.279562 0.325130 0.036188 0.037736
) 0.315749 0.322942 0.041284 0.040470
ਸ 0.343782 0.343998 0.015800 0.021876
ਰ 0.378695 0.326771 0.042813 0.039923
ਦੀ  0.426606 0.325130 0.050968 0.035548
1 0.470183 0.325950 0.034149 0.037736
4 0.498471 0.344408 0.019368 0.017227
c 0.547401 0.326087 0.066259 0.039650
t 0.599898 0.331829 0.039755 0.051135
o 0.629460 0.345502 0.019368 0.018868
0 0.663354 0.321712 0.035168 0.050041
( 0.703619 0.327181 0.048420 0.037462
ਔ 0.737003 0.345092 0.018349 0.018048
ਸ 0.041539 0.383648 0.038226 0.043205
ਤ 0.094546 0.382691 0.048420 0.037462
) 0.122324 0.403883 0.012232 0.019688
ਕਾ 0.163354 0.378452 0.049439 0.055783
ਰ 0.214832 0.382964 0.049439 0.039650
ਖਾ 0.247197 0.404977 0.026504 0.014766
ਨੇ 0.288226 0.379956 0.047401 0.048400
ਸਾ 0.321611 0.404156 0.017329 0.015860
ਇ 0.364934 0.383785 0.051988 0.035822
ਕ 0.411825 0.386246 0.033639 0.038556
ਲ 0.457696 0.384058 0.051988 0.039103
, 0.485984 0.406207 0.023955 0.016133
ਸ 0.531855 0.379956 0.044343 0.050041
ਕੂ 0.585372 0.383374 0.061672 0.047033
ਟ 0.045872 0.437927 0.046891 0.052229
ਰ 0.095821 0.444627 0.051988 0.039377
, 0.164883 0.446541 0.057594 0.042111
ਫ 0.212538 0.446131 0.036697 0.038009
ਰ 0.264526 0.446131 0.056065 0.039103
ਨੀ 0.347095 0.446541 0.040775 0.041564
ਚ 0.376147 0.464725 0.018349 0.018868
ਰ 0.402141 0.447908 0.027523 0.036642
, 0.437564 0.448182 0.041284 0.038283
ਰੇ 0.479358 0.448318 0.037207 0.037462
ਲ 0.539246 0.443123 0.055046 0.060432
ਕੋ 0.615443 0.441072 0.062691 0.050314
ਚ 0.058614 0.506153 0.050968 0.037736
ਫੈ 0.105505 0.507793 0.037717 0.042111
ਕ 0.149847 0.507246 0.039755 0.037736
ਟ 0.216106 0.503828 0.063201 0.040197
ਰੀ 0.265291 0.506836 0.031091 0.034181
( 0.313710 0.506563 0.064730 0.037462
ਕ 0.395515 0.507520 0.040775 0.036642
ਪੂ 0.434760 0.507520 0.030581 0.034454
ਰ 0.452090 0.526114 0.010194 0.016407
ਥ 0.474261 0.507110 0.027013 0.037462
ਲਾ 0.505607 0.505879 0.031600 0.037189
) 0.536188 0.508477 0.030581 0.035822
ਦੁ 0.595821 0.499863 0.050968 0.052502
ਗ 0.669980 0.498086 0.056575 0.054963
ਧ 0.055556 0.563987 0.044852 0.033087
ਸ਼ਾ 0.105250 0.564397 0.048420 0.032814
ਲਾ 0.163354 0.555647 0.063710 0.054690
, 0.246432 0.559065 0.065749 0.046213
ਖੇ 0.305046 0.564260 0.046381 0.034181
ਲ 0.390928 0.557287 0.051988 0.047580
ਦਾ  0.447248 0.560159 0.050459 0.054416
ਸ 0.487003 0.561663 0.038226 0.039377
ਮਾ 0.527778 0.563030 0.035168 0.035001
ਨ 0.564985 0.562756 0.031091 0.035548
, 0.593017 0.580941 0.019878 0.016133
ਥੁ 0.628186 0.563577 0.034149 0.039923
ਨਾ 0.674822 0.554006 0.046891 0.053596
ਈ 0.721713 0.563167 0.040775 0.034181
, 0.748726 0.583265 0.027523 0.014219
ਖਾ 0.159531 0.617173 0.045872 0.048127
ਦ 0.212793 0.615122 0.050459 0.052229
, 0.265291 0.621274 0.048420 0.035548
ਦ 0.313201 0.625513 0.039246 0.043478
ਵਾ 0.349898 0.636861 0.016820 0.016407
ਈ 0.396279 0.622642 0.050459 0.042111
ਆਂ 0.448777 0.612114 0.052497 0.051135
, 0.511213 0.619634 0.065240 0.032814
ਵ 0.569827 0.618813 0.044852 0.037189
ਸ 0.065240 0.677058 0.044852 0.036095
ਤ 0.115443 0.677058 0.043323 0.033361
ਰ 0.173293 0.677878 0.050968 0.032814
( 0.225790 0.679382 0.047910 0.043478
ਹੌ 0.297401 0.676784 0.047401 0.031720
ਜ 0.334353 0.673366 0.027523 0.034181
ਰੀ 0.378695 0.667214 0.054027 0.043752
) 0.431193 0.673640 0.024465 0.031993
, 0.461009 0.674870 0.030071 0.031720
ਖੇ 0.524465 0.672683 0.022426 0.037736
ਤੀ 0.546381 0.678288 0.018349 0.023790
ਦੇ 0.579256 0.673093 0.025994 0.030353
ਔ 0.605250 0.672819 0.025994 0.034728
ਜਾ 0.648318 0.669675 0.007136 0.031173
ਰ 0.673547 0.665710 0.043323 0.044572
, 0.710499 0.673093 0.027523 0.031993
ਪ 0.742355 0.672819 0.029052 0.032540
ਈ 0.763507 0.669538 0.020387 0.056057
ਪਾ 0.186290 0.726962 0.051478 0.031447
ਇ 0.228848 0.727099 0.028542 0.031720
ਪ 0.276249 0.721220 0.051988 0.048400
ਆ 0.323140 0.726689 0.021407 0.034181
ਦਿ 0.349134 0.727646 0.029562 0.032267
ਅ 0.422528 0.725868 0.029562 0.033087
ਬਾ 0.451070 0.731064 0.030581 0.023243
ਦੀ 0.491590 0.723681 0.033129 0.035275
2 0.558104 0.721630 0.021407 0.045939
, 0.594292 0.719032 0.047910 0.041291
7 0.635066 0.722313 0.031600 0.033087
7 0.665138 0.724501 0.023445 0.033634
, 0.697503 0.721493 0.024975 0.048400
0 0.079766 0.778097 0.049439 0.032540
4 0.124618 0.776866 0.035168 0.035001
, 0.169725 0.776183 0.051988 0.034728
2 0.212793 0.771807 0.053517 0.044025