ਲੀ 0.113333 0.226042 0.075556 0.106250
ਡ 0.173333 0.237500 0.040000 0.079167
ਰਾਂ 0.226667 0.233333 0.066667 0.091667
ਪਿੱ 0.301111 0.230208 0.077778 0.118750
ਛੇ 0.363333 0.227083 0.055556 0.116667
ਨਾ 0.427778 0.238542 0.068889 0.089583
ਲ 0.502222 0.246875 0.057778 0.077083
ੜ 0.557778 0.248958 0.044444 0.093750
- 0.591111 0.245833 0.013333 0.012500
ਲ 0.625556 0.245833 0.055556 0.087500
ੜ 0.683333 0.252083 0.055556 0.091667
ਮ 0.755556 0.245833 0.057778 0.079167
ਰੀ 0.816667 0.233333 0.064444 0.112500
ਏ 0.880000 0.233333 0.048889 0.120833
ਆ 0.135556 0.364583 0.102222 0.083333
ਓ 0.213333 0.350000 0.048889 0.108333
ਪਿੰ 0.291111 0.351042 0.080000 0.110417
ਡ 0.353333 0.366667 0.040000 0.075000
ਪਿੰ 0.392222 0.367708 0.015556 0.014583
ਡ 0.447778 0.354167 0.077778 0.104167
ਏ 0.513333 0.368750 0.048889 0.075000
ਕਾ 0.583333 0.354167 0.051111 0.112500
ਕ 0.648889 0.368750 0.071111 0.079167
ਰੀ 0.743333 0.370833 0.051111 0.079167
ਏ  0.804444 0.353125 0.066667 0.106250
ਜਿ 0.862222 0.354167 0.048889 0.112500
ਹ 0.154444 0.479167 0.082222 0.116667
ੜੇ 0.221111 0.483333 0.046667 0.083333
ਲਾ 0.268889 0.476042 0.048889 0.122917
ਉਂ 0.355556 0.489583 0.080000 0.079167
ਦੇ 0.423333 0.481250 0.055556 0.116667
ਸਾ 0.480000 0.470833 0.057778 0.108333
ਡਾ 0.562222 0.490625 0.075556 0.081250
ਰੇ 0.640000 0.485417 0.075556 0.087500
ਟ 0.720000 0.471875 0.053333 0.106250
ਟੱ 0.776667 0.486458 0.051111 0.077083
ਪ 0.137778 0.595833 0.066667 0.091667
ਣ 0.195556 0.608333 0.048889 0.079167
ਨਾ 0.248889 0.604167 0.048889 0.083333
ਦਿ 0.321111 0.604167 0.068889 0.070833
ਓ 0.412222 0.595833 0.068889 0.095833
ਪਿੰ 0.478889 0.597917 0.055556 0.095833
ਡ 0.545556 0.593750 0.064444 0.104167
ਦਾ 0.600000 0.603125 0.048889 0.085417
ਗੋ 0.675556 0.603125 0.066667 0.077083
ਟ 0.761111 0.588542 0.068889 0.106250
ਕਿ 0.823333 0.602083 0.051111 0.075000
ਸਾ 0.156667 0.729167 0.064444 0.095833
ਨ 0.214444 0.737500 0.051111 0.079167
ਮ 0.254444 0.735417 0.037778 0.079167
ਜ਼ 0.303333 0.736458 0.033333 0.072917
ਦੂ 0.338889 0.728125 0.037778 0.077083
ਰ 0.376667 0.738542 0.033333 0.106250
ਏ 0.416667 0.733333 0.033333 0.062500
ਕ 0.465556 0.714583 0.042222 0.095833
ਤਾ, 0.505556 0.737500 0.033333 0.062500
ਧੌ 0.550000 0.737500 0.051111 0.083333
ਲਾ 0.618889 0.720833 0.046667 0.100000
( 0.672222 0.732292 0.060000 0.072917
ਲੰ 0.732222 0.730208 0.028889 0.089583
ਬੀ 0.771111 0.721875 0.044444 0.097917
) 0.817778 0.718750 0.044444 0.104167