ਵਾ 0.395568 0.170928 0.100831 0.149014
ਹਿ 0.508033 0.173850 0.106371 0.162162
ਗੁ 0.614681 0.207816 0.094737 0.145362
ਰੂ 0.710249 0.223156 0.064266 0.139518
ਸਾ 0.189197 0.468955 0.027147 0.048210
ਹਿ 0.216620 0.461651 0.024377 0.065741
ਬ 0.238504 0.470051 0.014958 0.051863
ਜਾ 0.257341 0.469686 0.022715 0.048210
ਦਿ 0.281994 0.465668 0.023269 0.065011
ਆਂ 0.307202 0.471877 0.026039 0.054054
ਅ 0.336288 0.476991 0.023269 0.051132
ਤੇ 0.356233 0.472243 0.016620 0.057706
ਸ਼ 0.379778 0.479912 0.018283 0.052593
ਹੀ 0.400554 0.476625 0.022161 0.060628
ਦ 0.419114 0.482469 0.016066 0.047480
ਸਿੰ 0.446814 0.478086 0.023823 0.063550
ਘਾਂ 0.469806 0.482834 0.024377 0.051132
ਸਿੰ 0.500277 0.479912 0.025485 0.064280
ਘ 0.521607 0.490504 0.017175 0.051863
ਣੀ 0.540997 0.486852 0.020499 0.063550
ਆਂ 0.562604 0.488678 0.022715 0.054054
ਦੇ 0.588643 0.487217 0.019391 0.059898
3 0.609141 0.494522 0.010526 0.052593
0 0.622715 0.495252 0.012188 0.048210
0 0.636011 0.496348 0.012188 0.046019
ਸਾ 0.657618 0.499635 0.019945 0.046749
ਲਾਂ 0.679224 0.498539 0.019945 0.050402
ਸ਼ 0.702216 0.501826 0.017175 0.046749
ਹੀ 0.719945 0.497078 0.017175 0.056245
ਦੀ 0.738781 0.496348 0.017175 0.063550
ਦਿ 0.765097 0.501826 0.021053 0.056976
ਹਾ 0.783102 0.507670 0.017175 0.040906
ੜੇ 0.799169 0.503652 0.012742 0.054785
ਨੂੰ 0.819668 0.509496 0.017175 0.072316
ਸ 0.838781 0.509861 0.015512 0.046749
ਮ 0.852355 0.511322 0.011634 0.048210
ਰ 0.868421 0.506209 0.017175 0.059898
ਪਿ 0.883657 0.514244 0.014404 0.043828
ਤ 0.898338 0.516070 0.017175 0.043097
ਸਿ 0.236288 0.636231 0.121330 0.220599
ਖ 0.336288 0.668736 0.074238 0.162893
ਅ 0.445429 0.663988 0.088643 0.172389
ਜਾ 0.536288 0.670197 0.087535 0.157049
ਇ 0.635734 0.648649 0.094737 0.203068
ਬ 0.716620 0.678232 0.060388 0.157049
ਘ 0.804986 0.676041 0.078670 0.154127
ਰ 0.874238 0.684441 0.057618 0.143170
ਆ 0.191967 0.841125 0.041551 0.051863
ਪ 0.227147 0.842586 0.023269 0.048941
ਣੇ 0.253186 0.835646 0.028809 0.067202
ਬੱ 0.290305 0.834551 0.025485 0.059167
ਚਿ 0.320499 0.833090 0.034903 0.063550
ਆਂ 0.358172 0.836742 0.037119 0.056245
ਨੂੰ 0.402493 0.842586 0.020499 0.078159
ਸਿ 0.439889 0.835281 0.035457 0.063550
ਖ 0.469529 0.838568 0.029363 0.051132
ਇ 0.509418 0.829438 0.036011 0.065011
ਤਿ 0.544044 0.829438 0.032133 0.056245
ਹਾ 0.573961 0.836012 0.028809 0.050402
ਸ 0.598892 0.837473 0.023269 0.048941
ਤੋਂ 0.631856 0.830168 0.027147 0.063550
ਜਾ 0.665374 0.834916 0.029917 0.048210
ਣੂ 0.693352 0.842586 0.023823 0.056245
ਜ 0.721607 0.837473 0.019391 0.050402
ਰੂ 0.743767 0.842951 0.020499 0.062820
ਰ 0.762881 0.835646 0.021053 0.045289
ਕ 0.792798 0.836012 0.023269 0.050402
ਰ 0.811634 0.837838 0.018837 0.052593
ਵਾ 0.833518 0.833820 0.027147 0.046019
ਉ 0.860665 0.832359 0.029363 0.066472
ਜੀ 0.894737 0.829803 0.036565 0.056976