ਗੁ 0.456845 0.447090 0.036210 0.072751
ਰ 0.486607 0.445933 0.023313 0.070437
ਦੁ 0.509797 0.444775 0.026538 0.072751
ਆ  0.543651 0.444940 0.044643 0.063823
ਰਾ 0.585069 0.441468 0.044643 0.066138
ਸਾ 0.628720 0.440476 0.039683 0.064153
ਹਿ 0.668527 0.438327 0.036458 0.077050
ਬ 0.697421 0.438161 0.034722 0.072751
ਦੀ 0.746156 0.439319 0.052827 0.083664
ਮ 0.354291 0.521991 0.032986 0.068452
ਰਿ 0.385789 0.513228 0.036458 0.085979
ਯਾ 0.419643 0.516534 0.044643 0.066138
ਦਾ 0.460193 0.519841 0.042907 0.064153
ਨੂੰ  0.507316 0.520999 0.037946 0.088294
ਮੁੱ 0.547743 0.519841 0.032986 0.081349
ਖ  0.576761 0.521991 0.031498 0.063823
ਰੱ 0.615575 0.516534 0.029762 0.079365
ਖ 0.639509 0.516534 0.028026 0.061508
ਦੇ 0.667659 0.514220 0.038194 0.079365
ਹੋ 0.705729 0.511078 0.031498 0.081680
ਏ 0.736359 0.512235 0.039683 0.079365
ਆ 0.783358 0.522156 0.051339 0.072751
ਪ 0.819816 0.520999 0.031498 0.070437
ਣਾ 0.852927 0.519841 0.044643 0.068122
ਮੋ 0.423735 0.590443 0.032986 0.077050
ਬਾ 0.455977 0.598214 0.041419 0.066138
ਇ 0.494792 0.593750 0.039683 0.083664
ਲ 0.527902 0.600364 0.036458 0.070437
ਫੋ 0.568452 0.593585 0.034722 0.079365
ਨ 0.598214 0.599206 0.034722 0.072751
ਬੰ 0.636161 0.595899 0.034722 0.083995
ਦ 0.668527 0.599206 0.032986 0.068122
ਰੱ 0.705729 0.596892 0.031498 0.085979
ਖੋ  0.736235 0.596892 0.032986 0.085979
ਜੀ 0.781746 0.598049 0.051091 0.088294