ਗੁ 0.428571 0.514054 0.074405 0.127315
: 0.475198 0.514716 0.025794 0.100860
ਜੇ  0.544891 0.494378 0.073413 0.132275
ਬ 0.621652 0.506944 0.056796 0.100529
ਲਾ 0.686012 0.505291 0.071925 0.107143
ਕ 0.757937 0.509259 0.074405 0.111772
ਕਾ 0.428571 0.644676 0.067460 0.089616
ਰ 0.486979 0.645503 0.056796 0.100529
ਸੇ 0.540799 0.632937 0.048363 0.119709
ਵਾ  0.592138 0.640873 0.063740 0.107143
ਵਾ 0.654142 0.646991 0.060268 0.097553
ਸ 0.704365 0.643849 0.040179 0.094577
ਤੇ 0.747396 0.632110 0.050843 0.118056