ਭਾ 0.254340 0.397487 0.089534 0.130952
ਈ 0.343502 0.396660 0.093254 0.147817
ਕਾ 0.436880 0.418816 0.091022 0.129299
ਨ੍ਹ 0.517113 0.436012 0.074405 0.138558
ਸਿੰ 0.601066 0.424272 0.088542 0.136905
ਘ 0.680680 0.442460 0.073165 0.116402
ਨਾ 0.765749 0.453373 0.094494 0.103836
ਭਾ 0.848958 0.466931 0.074405 0.111772
ਗੁ 0.259053 0.573909 0.094494 0.155754
ਰ 0.335193 0.565146 0.060268 0.132275
ਮ 0.400794 0.569114 0.075397 0.133598
ਤਿ 0.477555 0.563657 0.082589 0.151124
ਲਾ 0.589162 0.588790 0.097966 0.122685
ਇ 0.681176 0.586475 0.088542 0.152447
ਬ੍ਰੇ 0.755084 0.598380 0.063740 0.163690
ਰੀ 0.827133 0.596726 0.084821 0.138558