ਮੈਂ 0.106352 0.255162 0.085672 0.129794
ਤੁ 0.179468 0.234513 0.057607 0.112094
ਹਾ 0.245938 0.199853 0.069424 0.087021
ਡਾ 0.327917 0.177729 0.088626 0.087021
ਸ 0.430576 0.164454 0.075332 0.075221
ਕੂ 0.505170 0.170354 0.070901 0.110619
ਲ 0.578287 0.156342 0.066470 0.106195
ਲ 0.727474 0.190265 0.075332 0.106195
ਦਾ 0.811669 0.218289 0.087149 0.094395
ਹਾਂ 0.912112 0.272861 0.098966 0.106195
ਪਿ 0.303545 0.264012 0.048744 0.079646
ਆ 0.356721 0.269912 0.054653 0.061947
ਰੇ 0.401773 0.264749 0.038405 0.072271
ਵਿ 0.463072 0.266962 0.048744 0.067847
ਦਿ 0.514032 0.270649 0.053176 0.078171
ਆ 0.569424 0.273599 0.063516 0.060472
ਰ 0.624077 0.271386 0.031019 0.056047
ਥੀ 0.671344 0.269174 0.057607 0.075221
ਓ 0.721566 0.275074 0.045790 0.060472
ਜੀ 0.257016 0.363569 0.112260 0.107670
ਆ 0.392171 0.376844 0.128508 0.084071
ਇ 0.505908 0.369469 0.093058 0.110619
ਆਂ 0.612260 0.376106 0.116691 0.097345
ਨੂੰ 0.735598 0.379794 0.088626 0.128319
ਮੈਂ 0.073855 0.466814 0.056130 0.072271
ਤੁ 0.125554 0.480826 0.041359 0.061947
ਹਾ 0.174298 0.471976 0.047267 0.056047
ਡੀ 0.224520 0.474926 0.047267 0.061947
ਉ 0.288774 0.474926 0.042836 0.073746
ਡੀ 0.346381 0.477876 0.063516 0.064897
ਕ 0.398080 0.480088 0.042836 0.048673
ਵਿੱ 0.463072 0.477139 0.054653 0.066372
ਚ 0.513294 0.480088 0.039882 0.048673
ਬਾ 0.573855 0.485251 0.054653 0.053097
ਹਾਂ 0.629247 0.482301 0.050222 0.053097
ਉ 0.696455 0.481563 0.051699 0.069322
ਲਾ 0.753323 0.483038 0.062038 0.048673
ਰੀ 0.810192 0.479351 0.042836 0.064897
ਬੈ 0.866322 0.475664 0.036928 0.075221
ਠਾ 0.902511 0.485251 0.035451 0.044248
ਹਾਂ 0.951994 0.486726 0.045790 0.050147
ਤੁ 0.065731 0.558260 0.042836 0.060472
ਹਾ 0.111521 0.555310 0.048744 0.048673
ਡੇ 0.163220 0.549410 0.033973 0.063422
ਆ 0.224520 0.553835 0.067947 0.054572
ਉ 0.280650 0.555310 0.044313 0.078171
ਣ 0.330133 0.556785 0.039882 0.051622
ਨਾ 0.391433 0.558997 0.062038 0.056047
ਲ 0.443870 0.560472 0.048744 0.053097
ਮੇ 0.498523 0.553097 0.045790 0.067847
ਰਾ 0.548744 0.558997 0.045790 0.050147
ਵਿ 0.611521 0.558997 0.044313 0.064897
ਹ 0.652880 0.563422 0.029542 0.050147
ੜਾ 0.696455 0.564159 0.054653 0.054572
ਖਿ 0.758493 0.558260 0.048744 0.069322
ੜ 0.799114 0.566372 0.032496 0.047198
ਉ 0.850812 0.564897 0.038405 0.067847
ਠ 0.880355 0.561947 0.020679 0.064897
ਦਾ 0.914328 0.567109 0.044313 0.048673
ਹੈ, 0.960857 0.562684 0.036928 0.072271
ਮੇ 0.174298 0.651917 0.073855 0.091445
ਰੀ 0.276219 0.654130 0.112260 0.101770
ਅ 0.406204 0.665192 0.094535 0.070796
ਸੀ 0.515510 0.660767 0.109306 0.088496
ਸ  0.611521 0.670354 0.073855 0.072271
ਹੈ 0.740030 0.654867 0.091581 0.106195
। 0.818316 0.674041 0.029542 0.067847
ਕਿ 0.070162 0.750000 0.051699 0.063422
ਤੁ 0.127770 0.763274 0.036928 0.063422
ਸੀਂ 0.175037 0.752950 0.057607 0.063422
ਪ 0.226736 0.755900 0.036928 0.051622
ੜ੍ਹ 0.267356 0.764749 0.038405 0.069322
ਲਿ 0.331610 0.752212 0.060561 0.070796
ਖ 0.384047 0.760324 0.044313 0.048673
ਕੇ 0.440177 0.752950 0.041359 0.072271
ਉੱ 0.506647 0.755162 0.062038 0.079646
ਚੇ 0.560561 0.750737 0.045790 0.076696
ਮੁ 0.621861 0.764749 0.050222 0.060472
ਕਾ 0.676514 0.759587 0.059084 0.056047
ਮ 0.736337 0.761062 0.051699 0.047198
ਤੇ  0.792467 0.755162 0.045790 0.061947
ਪ 0.844904 0.762537 0.038405 0.050147
ਹੁੰ 0.887740 0.761062 0.032496 0.067847
ਚੋ, 0.933530 0.760324 0.053176 0.075221
ਤਾਂ 0.194239 0.836283 0.063516 0.056047
ਕਿ 0.268095 0.836283 0.054653 0.061947
ਮੈਂ 0.338257 0.831121 0.053176 0.069322
ਮਾ 0.396603 0.843658 0.060561 0.053097
ਣ 0.451256 0.839971 0.048744 0.054572
ਮ 0.504431 0.842183 0.042836 0.056047
ਹਿ 0.553176 0.837021 0.051699 0.072271
ਸੂ 0.601182 0.851032 0.044313 0.070796
ਸ 0.639586 0.839233 0.038405 0.050147
ਕ 0.697932 0.846608 0.042836 0.056047
ਰ 0.738552 0.844395 0.032496 0.045723
ਸ 0.788774 0.843658 0.041359 0.050147
ਕਾਂ 0.839734 0.842183 0.048744 0.058997
। 0.886263 0.842183 0.017725 0.050147