ਪ੍ਰ 0.316634 0.298983 0.051918 0.067708
ਬੰ 0.356812 0.283358 0.033069 0.070685
ਧ 0.388558 0.292783 0.035714 0.053323
ਕ 0.424769 0.290551 0.044643 0.056300
ਕ 0.475033 0.290923 0.038029 0.057044
ਮੇ 0.507440 0.282862 0.036706 0.063740
ਟੀ 0.543651 0.282862 0.045635 0.065724
ਵੱ 0.600198 0.284226 0.034392 0.059028
ਲੋਂ 0.637731 0.281870 0.045966 0.063740
ਨਿ 0.688161 0.281870 0.049603 0.071677
ਮ 0.723710 0.288070 0.029431 0.053323
ਰ 0.751653 0.285714 0.029101 0.058036
ਤਾ 0.785218 0.282862 0.043320 0.056300
ਸ 0.326885 0.362971 0.044643 0.052331
ਹਿ 0.371362 0.360119 0.052249 0.060020
ਤ 0.412698 0.361607 0.035714 0.051587
ਬੇ 0.453373 0.358259 0.042989 0.065724
ਨ 0.495866 0.365823 0.041997 0.060020
ਤੀ 0.541667 0.356275 0.052249 0.058284
ਹੈ 0.602183 0.349578 0.056217 0.069692
ਕਿ 0.670304 0.354911 0.070106 0.061012
ਗੁ 0.730655 0.360119 0.055886 0.060020
ਰੂ 0.776951 0.361111 0.041997 0.063988
ਘ 0.827877 0.354415 0.054563 0.050595
ਰ 0.871858 0.353051 0.043320 0.055308
ਦੇ 0.308366 0.428323 0.058532 0.064980
ਕਿ 0.372024 0.428323 0.053571 0.057044
ਸੇ 0.417163 0.427827 0.047288 0.056052
ਵੀ 0.467427 0.427827 0.058532 0.056052
ਪ੍ਰ 0.523975 0.436384 0.047288 0.056300
ਬੰ 0.563327 0.424975 0.039352 0.058284
ਧ 0.599702 0.428695 0.045966 0.054315
ਕ 0.639054 0.425347 0.043320 0.049603
ਜਾ 0.687500 0.425347 0.066138 0.049603
ਮੁ 0.748512 0.429191 0.053241 0.055308
ਲਾ 0.802414 0.427331 0.057209 0.061012
ਜ਼ 0.846230 0.424975 0.033069 0.054315
ਮ 0.885251 0.424479 0.046958 0.051339
ਨੂੰ 0.306548 0.506572 0.062169 0.082093
ਬ 0.357308 0.503720 0.044643 0.051587
ਗੈ 0.403770 0.494048 0.056217 0.072421
ਰ 0.447090 0.501240 0.045635 0.052579
ਰ 0.490245 0.499380 0.038029 0.048859
ਸ਼ੀ 0.534722 0.496032 0.053571 0.059028
ਦ 0.582507 0.498016 0.047288 0.051587
ਮਾ 0.635251 0.498388 0.063492 0.046875
ਇ 0.694940 0.494048 0.058532 0.062996
ਆ 0.755456 0.495164 0.077712 0.043899
ਨਾ 0.836310 0.499380 0.068783 0.054315
ਦਿ 0.420800 0.567584 0.057209 0.055308
ਓ 0.467262 0.563244 0.048280 0.060020
ਜੀ 0.529597 0.566220 0.071098 0.062004
। 0.589451 0.569444 0.045966 0.062996