ਜਿ 0.075769 0.433036 0.047867 0.091601
ਸ 0.115699 0.443783 0.039931 0.078704
ਦਾ 0.163318 0.439484 0.048859 0.068122
ਦਿ 0.212178 0.431052 0.042411 0.089616
ਤਾ 0.254092 0.435681 0.044891 0.067130
ਖਾ 0.303323 0.437831 0.052083 0.069444
ਵ 0.343750 0.438327 0.028770 0.079034
ਣਾ 0.382192 0.437831 0.051091 0.073413
ਤਿ 0.432912 0.426091 0.043899 0.096892
ਸੁ  0.470982 0.437831 0.041667 0.090608
ਕ 0.510169 0.429894 0.036706 0.083333
ਹੀ 0.550967 0.423446 0.046379 0.096230
ਐ 0.600942 0.418651 0.060020 0.105820
ਸਾ 0.660962 0.430886 0.058532 0.076720
ਬਾ 0.720610 0.429894 0.060764 0.078704
ਸੁ 0.773810 0.431382 0.052083 0.094907
॥ 0.823785 0.429398 0.046379 0.082341
ਤੂ 0.106895 0.551587 0.048115 0.095899
ਦਾ 0.153026 0.540840 0.045635 0.074405
ਤਾ 0.200149 0.538690 0.050595 0.078704
ਦਾ 0.250496 0.540840 0.047123 0.079034
ਤਾ 0.295387 0.540840 0.045635 0.074405
ਰੁ 0.339410 0.549769 0.042411 0.094907
ਤੇ 0.386905 0.534392 0.041667 0.093915
ਰਾ 0.434896 0.540840 0.059276 0.077050
ਦਿ 0.490575 0.537698 0.050595 0.102513
ਤਾ 0.539807 0.541997 0.052827 0.076720
ਖਾ 0.602927 0.546627 0.062500 0.082011
ਵ 0.652902 0.545139 0.042411 0.087632
ਣਾ 0.702629 0.540344 0.066468 0.086640
॥ 0.756944 0.548280 0.040675 0.087302
ੴ 0.358879 0.379630 0.043155 0.038360