ਕੁ 0.107609 0.216133 0.132609 0.099754
ਦ 0.219565 0.203202 0.108696 0.083744
ਰ 0.329348 0.200123 0.110870 0.080049
ਤੀ 0.448913 0.189039 0.141304 0.112069
ਤੇ 0.191304 0.320197 0.121739 0.113300
ਜ਼ਾ 0.318478 0.330049 0.145652 0.088670
ਬ 0.454348 0.322660 0.147826 0.086207
ਕੁ 0.052174 0.443966 0.056522 0.052956
ਦ 0.090217 0.434113 0.036957 0.052956
ਰ 0.121739 0.437808 0.039130 0.043103
ਤੀ 0.160870 0.432882 0.056522 0.057882
ਸੋ 0.217391 0.431034 0.047826 0.056650
ਮਾ 0.261957 0.432882 0.054348 0.043103
ਤੇ 0.379348 0.429803 0.054348 0.059113
ਜ਼ਾ 0.430435 0.434729 0.065217 0.051724
ਬ 0.491304 0.429803 0.065217 0.046798
ਸਿ 0.090217 0.523399 0.076087 0.068966
ਰ 0.144565 0.528325 0.050000 0.054187
ਕਾ 0.207609 0.527709 0.084783 0.055419
ਐ 0.326087 0.517241 0.065217 0.073892
ਸੀ 0.381522 0.518473 0.054348 0.071429
ਟਿ 0.425000 0.517857 0.045652 0.072660
ਕ 0.463043 0.524015 0.043478 0.060345
ਤੇ 0.494565 0.517241 0.045652 0.066502
ਜ਼ਾ 0.536957 0.522167 0.052174 0.054187
ਬ 0.577174 0.519089 0.036957 0.055419
ਸੰ 0.100000 0.605296 0.069565 0.070197
ਤ 0.153261 0.610837 0.054348 0.064039
ਰਾ 0.215217 0.604064 0.086957 0.065271
ਸਿ 0.328261 0.600369 0.065217 0.070197
ਟ 0.373913 0.604064 0.039130 0.057882
ਰਿ 0.411957 0.600369 0.054348 0.067734
ਕ 0.448913 0.604064 0.045652 0.057882
ਤੇ 0.486957 0.598522 0.043478 0.066502
ਜ਼ਾ 0.531522 0.602833 0.058696 0.052956
ਬ 0.579348 0.600369 0.045652 0.052956
ਇ 0.104348 0.688424 0.073913 0.073892
ਮ 0.160870 0.694581 0.056522 0.061576
ਲੀ 0.229348 0.684729 0.080435 0.071429
ਟਾ 0.321739 0.690887 0.060870 0.059113
ਰ 0.368478 0.689039 0.036957 0.057882
ਟੇ 0.393478 0.681034 0.047826 0.076355
ਰਿ 0.434783 0.682266 0.060870 0.073892
ਕ 0.476087 0.688424 0.043478 0.061576
ਤੇ 0.509783 0.679803 0.050000 0.071429
ਜਾ 0.548913 0.686576 0.054348 0.060345
ਬ 0.589130 0.687192 0.039130 0.061576
ਟ 0.095652 0.777709 0.060870 0.057882
ਮਾ 0.153261 0.776478 0.071739 0.057882
ਟ 0.210870 0.777094 0.052174 0.061576
ਰ 0.259783 0.773399 0.058696 0.059113
ਅ 0.331522 0.776478 0.067391 0.060345
ਗ 0.378261 0.774015 0.043478 0.060345
ਜੈ 0.408696 0.766010 0.043478 0.078818
ਲਿ 0.451087 0.765394 0.054348 0.072660
ਕ 0.490217 0.772783 0.041304 0.060345
ਤੇ 0.520652 0.764163 0.045652 0.075123
ਜਾ 0.558696 0.772167 0.047826 0.061576
ਬ 0.595652 0.769089 0.039130 0.060345
ਖੱ 0.098913 0.858374 0.054348 0.073892
ਟਾ 0.148913 0.865148 0.058696 0.060345
ਦੁੱ 0.204348 0.862069 0.047826 0.083744
ਧ 0.254348 0.863916 0.060870 0.057882
ਲੈ 0.354348 0.850369 0.052174 0.077586
ਕ 0.392391 0.861453 0.041304 0.062808
ਟਿ 0.430435 0.852833 0.056522 0.075123
ਕ 0.475000 0.859606 0.050000 0.059113
ਤੇ 0.514130 0.852217 0.050000 0.073892
ਜਾ 0.559783 0.857143 0.050000 0.061576
ਬ 0.605435 0.855911 0.050000 0.059113
ਨਿੰ 0.139130 0.945197 0.086957 0.075123
ਬੂ 0.204348 0.963054 0.073913 0.073892
ਸਿ 0.364130 0.941502 0.071739 0.075123
ਟ 0.410870 0.949507 0.039130 0.059113
ਰਿ 0.445652 0.942118 0.052174 0.076355
ਕ 0.482609 0.947044 0.043478 0.061576
ਤੇ 0.517391 0.939655 0.047826 0.076355
ਜ਼ਾ 0.560870 0.948276 0.052174 0.068966
ਬ 0.607609 0.942734 0.041304 0.070197