ਡੰ 0.047836 0.054040 0.063781 0.061616
ਡੀ 0.108200 0.052525 0.061503 0.062626
ਜਾਂ 0.165148 0.054040 0.052392 0.051515
ਪੂ 0.219818 0.061616 0.056948 0.062626
ਰ 0.265376 0.055051 0.043280 0.059596
ਣ 0.304100 0.053030 0.043280 0.055556
ਵਿ 0.359909 0.047475 0.068337 0.070707
ਸ 0.411162 0.054040 0.052392 0.051515
ਰਾ 0.462415 0.051515 0.054670 0.050505
ਮ 0.513667 0.052020 0.052392 0.061616
| 0.615034 0.052020 0.036446 0.053535
ਕਾ 0.118451 0.134343 0.100228 0.052525
ਮਾ  0.210706 0.132828 0.088838 0.053535
, 0.602506 0.124242 0.047836 0.026263
ਪ੍ਰ 0.126424 0.208081 0.084282 0.060606
ਸ਼ 0.190205 0.201010 0.066059 0.056566
ਨ 0.257403 0.197475 0.072893 0.047475
- 0.307517 0.197980 0.036446 0.014141
ਚਿੰ 0.371298 0.190909 0.091116 0.062626
ਨ 0.444191 0.195960 0.068337 0.042424
? 0.593394 0.194949 0.075171 0.046465
ਬਿੰ 0.136674 0.270202 0.086560 0.063636
ਦੀ 0.214123 0.267172 0.072893 0.061616
- 0.258542 0.272727 0.025057 0.014141
ਕਾ 0.313212 0.272222 0.093394 0.047475
ਮਾ 0.405467 0.269697 0.086560 0.050505
; 0.596811 0.268182 0.054670 0.037374
ਵਿ 0.140091 0.338384 0.079727 0.062626
ਸ 0.199317 0.343939 0.056948 0.047475
ਮਿ 0.257403 0.335859 0.077449 0.063636
ਕ 0.313212 0.342424 0.056948 0.046465
ਚਿੰ 0.391800 0.335859 0.077449 0.061616
ਨ 0.457859 0.339394 0.063781 0.048485
! 0.600228 0.340404 0.061503 0.038384
ਪੁੱ 0.158314 0.411111 0.088838 0.062626
ਠੇ 0.238041 0.408081 0.079727 0.064646
ਕਾ 0.332574 0.414646 0.100228 0.047475
ਮੇ 0.424829 0.406061 0.079727 0.062626
" 0.588838 0.401515 0.061503 0.025253
" 0.645786 0.409596 0.052392 0.019192
ਬ੍ਰੈ 0.187927 0.483838 0.088838 0.076768
ਕ 0.263098 0.486364 0.075171 0.049495
ਟ 0.338269 0.482828 0.075171 0.050505
() 0.582005 0.483333 0.084282 0.051515
{} 0.664009 0.483333 0.084282 0.051515
ਬਿੰ 0.222096 0.549495 0.120729 0.062626
ਦੀ 0.334852 0.548990 0.100228 0.055556
. 0.617312 0.551010 0.041002 0.021212
ਛੁੱ 0.177677 0.622222 0.082005 0.070707
ਟ 0.247153 0.620707 0.066059 0.051515
- 0.292711 0.623737 0.025057 0.015152
ਮ 0.333713 0.623232 0.066059 0.050505
ਰੋ 0.390661 0.616162 0.052392 0.060606
ੜੀ 0.457859 0.618687 0.086560 0.065657
, 0.626424 0.622222 0.054670 0.026263
ਡੈ 0.241458 0.687374 0.086560 0.061616
ਸ਼ 0.326879 0.694444 0.084282 0.055556
- 0.642369 0.696970 0.082005 0.022222
ਦੁ 0.197039 0.774747 0.070615 0.060606
ਬਿੰ 0.269932 0.762121 0.075171 0.067677
ਦੀ 0.343964 0.763636 0.077449 0.064646
ਡੈ 0.424829 0.760606 0.061503 0.066667
ਸ਼ 0.482916 0.769697 0.063781 0.052525
:- 0.637813 0.768182 0.091116 0.027273
ਜੋ 0.256264 0.833333 0.070615 0.060606
ੜ 0.315490 0.842929 0.061503 0.055556
ਨੀ 0.394077 0.835859 0.095672 0.057576
- 0.649203 0.838889 0.072893 0.015152
ਅ 0.184510 0.904545 0.072893 0.043434
ਰ 0.239180 0.903030 0.045558 0.044444
ਧ 0.282460 0.903535 0.045558 0.047475
- 0.313212 0.905556 0.015945 0.009091
ਵਿ 0.345103 0.900000 0.056948 0.058586
ਸ 0.391800 0.905556 0.041002 0.043434
ਰਾ 0.435080 0.905051 0.050114 0.044444
ਮ 0.479499 0.904545 0.038724 0.045455
- 0.503417 0.908081 0.013667 0.010101
ਚਿੰ 0.547836 0.901515 0.070615 0.055556
ਨ 0.600228 0.909091 0.047836 0.042424
; 0.662870 0.907071 0.041002 0.026263