ਮਾ 0.051120 0.483516 0.078870 0.186813
ੜੀ 0.128530 0.493132 0.070107 0.244505
ਸੋ 0.199611 0.493132 0.050633 0.200549
ਚ 0.249270 0.517857 0.050633 0.195055
ਮ 0.304284 0.539835 0.045764 0.184066
ਨੁੱ 0.353944 0.550824 0.045764 0.244505
ਖ 0.401655 0.546703 0.051607 0.197802
ਨੂੰ 0.455209 0.564560 0.045764 0.260989
ਨ 0.509737 0.579670 0.045764 0.164835
ਰ 0.553554 0.575549 0.037975 0.184066
ਕਾਂ 0.601753 0.582418 0.058423 0.175824
ਵੱ 0.659202 0.582418 0.044791 0.197802
ਲ 0.705453 0.605769 0.047712 0.173077
ਲੈ 0.760467 0.594780 0.050633 0.217033
ਜਾਂ 0.812074 0.615385 0.046738 0.170330
ਦੀ 0.862707 0.614011 0.056475 0.200549
ਹੈ 0.916261 0.620879 0.042843 0.208791
। 0.953262 0.657967 0.017527 0.151099
ਤ 0.012171 0.839286 0.022395 0.156593
ਸ 0.037975 0.837912 0.031159 0.170330
ਰ 0.067673 0.835165 0.036027 0.186813
ਸਾ 0.112463 0.842033 0.045764 0.167582
ਹਿ 0.156280 0.843407 0.037975 0.203297
ਬ 0.189387 0.848901 0.028238 0.175824
ਭਾ 0.505842 0.887363 0.059396 0.153846
ਰ 0.556475 0.887363 0.041870 0.159341
ਤ 0.596397 0.894231 0.041870 0.167582
ਰਾ 0.644596 0.909341 0.052580 0.153846
ਜ 0.686952 0.905220 0.036027 0.167582
ਨੀ 0.732717 0.907967 0.053554 0.167582
ਤ 0.776047 0.914835 0.037001 0.153846
ਕ 0.816943 0.923077 0.042843 0.148352