ਜਿ 0.053295 0.281411 0.058140 0.142857
ਹ 0.105136 0.295181 0.041667 0.111876
ੜੇ 0.151163 0.296902 0.048450 0.135972
ਨ 0.206880 0.312392 0.047481 0.098107
ਕ 0.250484 0.313253 0.045543 0.113597
ਲ 0.297481 0.318417 0.050388 0.110155
ਤੇ 0.347384 0.315835 0.043605 0.122203
ਰੱ 0.393895 0.327022 0.033915 0.110155
ਖ 0.427810 0.342513 0.037791 0.103270
ਣ 0.466570 0.336489 0.043605 0.101549
ਆ 0.518411 0.352840 0.060078 0.092943
ਸ 0.570252 0.349398 0.041667 0.106713
, 0.600291 0.399312 0.014535 0.037866
ਜਿੰ 0.627422 0.351119 0.045543 0.120482
ਦ 0.663760 0.366609 0.031008 0.089501
ਗੀ 0.703004 0.367470 0.049419 0.101549
ਵਿੱ 0.754360 0.368330 0.043605 0.113597
ਚ 0.790213 0.382100 0.033915 0.089501
ਨਾ 0.830911 0.385542 0.041667 0.079174
ਹੁੰ 0.870155 0.388985 0.025194 0.120482
ਦੇ 0.897287 0.389845 0.031008 0.098107
ਪਾ 0.933140 0.398451 0.040698 0.084337
ਸ 0.968992 0.399312 0.032946 0.092943   