ਸ 0.044531 0.095545 0.040625 0.076202
ਰ 0.081641 0.094373 0.027344 0.083236
ਕਾ 0.119922 0.099648 0.046094 0.082063
ਰੀ  0.176172 0.087925 0.053906 0.105510
ਸੀ 0.236328 0.086753 0.050781 0.100821
ਨੀ 0.289453 0.083822 0.046094 0.113716
ਅ 0.334766 0.095545 0.039844 0.080891
ਰ 0.375781 0.094373 0.035937 0.087925
ਸੈ 0.424219 0.083822 0.037500 0.106682
ਕੰ 0.462500 0.084994 0.037500 0.109027
ਡ 0.497266 0.103165 0.027344 0.077374
ਰੀ 0.539453 0.087925 0.049219 0.103165
ਸ 0.597656 0.097890 0.037500 0.078546
ਕੂ 0.636328 0.115475 0.032031 0.101993
ਲ 0.672656 0.094959 0.037500 0.084408
ਪੀ 0.720703 0.090856 0.025781 0.127784
. 0.759766 0.083822 0.052344 0.094959
ਐ 0.792578 0.126026 0.013281 0.029308
ਸ 0.818750 0.083822 0.040625 0.101993
. 0.862500 0.096717 0.031250 0.076202
ਘੰ 0.888281 0.123095 0.017188 0.025791
ਡਾ 0.922656 0.082063 0.050000 0.112544
ਬਂ 0.958594 0.096717 0.026562 0.109027
ਨਾਂ 0.358203 0.197538 0.036719 0.087925
( 0.395313 0.211020 0.035937 0.065651
ਬ 0.443750 0.203400 0.031250 0.087925
ਠਿੰ 0.479687 0.212192 0.037500 0.072685
ਡਾ 0.521094 0.211606 0.023438 0.092614
) 0.543750 0.208675 0.021875 0.056272
ਸ 0.579297 0.203986 0.036719 0.082063
ਰ 0.618750 0.210434 0.037500 0.064478
ਕਾ 0.650781 0.211606 0.029687 0.090270
ਰੀ 0.059375 0.425557 0.010937 0.025791
ਸੀ 0.069531 0.424971 0.007812 0.029308
ਨੀ 0.078906 0.427315 0.009375 0.033998
ਅ 0.088281 0.426729 0.007812 0.042204
ਰ 0.098828 0.427902 0.008594 0.035170
ਸੈ 0.111719 0.427315 0.010937 0.041032
ਕੰ 0.123047 0.429660 0.011719 0.031653
ਡ 0.132422 0.432005 0.005469 0.029308
ਰੀ 0.142969 0.429074 0.007812 0.032825
ਸ 0.151953 0.430832 0.007031 0.033998
ਕੂ 0.158594 0.435522 0.007812 0.026964
ਲ 0.167969 0.433763 0.009375 0.037515
ਘੰ 0.177734 0.436108 0.010156 0.028136
ਡਾ 0.187109 0.440211 0.008594 0.033998
46 0.195312 0.435522 0.009375 0.036342
ਨਾ 0.210938 0.436108 0.015625 0.035170
( 0.225781 0.432591 0.012500 0.035170
ਬ 0.237891 0.437280 0.011719 0.030481
ਠਿੰ 0.251172 0.435522 0.013281 0.036342
ਡਾ 0.267969 0.436694 0.014063 0.033998
) 0.278906 0.439039 0.010937 0.029308
ਸਿੱ 0.290625 0.438453 0.009375 0.037515
ਖ 0.302734 0.439625 0.014844 0.037515
ਣ 0.311719 0.441383 0.004687 0.031653
ਲ 0.316797 0.440797 0.007031 0.025791
ਈ 0.325391 0.439039 0.008594 0.031653
ਆ 0.332422 0.441383 0.007031 0.024619
ਓ 0.338672 0.440211 0.003906 0.036342
ਸੇ 0.067187 0.493552 0.023438 0.067995
ਵਾ 0.086328 0.504103 0.017969 0.046893
ਲ 0.102734 0.504103 0.013281 0.053927
ਈ 0.072656 0.572098 0.023438 0.046893
ਜਾ 0.097656 0.568581 0.023438 0.063306
ਓ 0.073828 0.640680 0.030469 0.045721
ਬੇ 0.098828 0.634232 0.017969 0.067995
ਟੀ 0.301953 0.504689 0.019531 0.064478
ਬ 0.323047 0.513482 0.021094 0.051583
ਚਾ 0.301563 0.579719 0.026562 0.052755
ਓ 0.326562 0.575029 0.021875 0.064478
ਬੇ 0.300391 0.639508 0.025781 0.048066
ਟੀ 0.325391 0.637749 0.021094 0.058617
ਬ 0.058203 0.826495 0.008594 0.032825
ਚਾ74 0.068359 0.825322 0.008594 0.032825
ਓ 0.078516 0.830598 0.008594 0.026964
ਬੇ 0.087500 0.832356 0.007812 0.030481
ਟੀ 0.098828 0.826495 0.011719 0.037515
ਪ 0.058203 0.865768 0.008594 0.031653
ੜਾ 0.067969 0.865768 0.009375 0.033998
ਓ 0.078516 0.868699 0.007031 0.025791
ਕੰ 0.087109 0.869871 0.008594 0.030481
ਪਿ 0.098828 0.865768 0.011719 0.038687
ਊ 0.435937 0.548652 0.031250 0.070340
ਟ 0.467969 0.549824 0.028125 0.065651
ਰ  0.496484 0.557444 0.025781 0.080891
ਰਾ 0.519531 0.558030 0.020313 0.049238
ਹੀਂ  0.542578 0.556858 0.021094 0.046893
ਵੱ 0.579688 0.557444 0.032813 0.048066
ਖ 0.617188 0.549824 0.037500 0.065651
- 0.426563 0.627784 0.026562 0.071512
ਵੱ 0.450391 0.633646 0.022656 0.048066
ਖ 0.471875 0.635991 0.020313 0.017585
ਵਿ 0.495703 0.628957 0.022656 0.064478
ਸ਼ਿ 0.517578 0.635404 0.021094 0.053927
ਆਂ 0.556250 0.626612 0.029687 0.069168
ਦੀ 0.589453 0.627198 0.030469 0.065651
ਪ 0.625000 0.626026 0.037500 0.067995
ੜ੍ਹਾ 0.478906 0.706331 0.032813 0.066823
ਈ 0.518359 0.711020 0.021094 0.055100
ਛੇ 0.548047 0.720985 0.030469 0.070340
ਵੀਂ 0.582422 0.705744 0.035156 0.070340
ਤੋਂ 0.733203 0.344666 0.025781 0.070340
ਬਾ 0.766406 0.345252 0.037500 0.073857
ਰ੍ਹ 0.813281 0.343494 0.032813 0.067995
ਵੀਂ 0.857031 0.354045 0.031250 0.053927
ਦਾ 0.887109 0.362251 0.021094 0.075029
ਖ 0.918359 0.345252 0.041406 0.069168
ਲਾ 0.732031 0.451934 0.046875 0.073857
ਸ਼ੁ 0.774609 0.451934 0.028906 0.076202
ਰੂ 0.817969 0.450176 0.051562 0.079719
100% 0.877344 0.460141 0.032813 0.092614
ਨ 0.913281 0.468933 0.031250 0.105510
ਤੀ 0.813672 0.740328 0.210156 0.146542
ਜੇ 0.755078 0.864009 0.042969 0.070340