ਸ 0.066376 0.651042 0.053295 0.225694
ਮੇਂ 0.126453 0.630208 0.064922 0.302083
ਦੀ 0.199128 0.644097 0.076550 0.288194
ਕ 0.265988 0.677083 0.045543 0.243056
ਦ 0.312984 0.671875 0.048450 0.225694
ਰ 0.362403 0.671875 0.052326 0.225694
ਸ 0.422965 0.696181 0.053295 0.218750
ਫ਼ 0.472868 0.699653 0.048450 0.267361
ਲ 0.528101 0.699653 0.060078 0.218750
ਤਾ 0.594961 0.699653 0.077519 0.232639
ਦਾ 0.676357 0.710069 0.071705 0.225694
ਆ 0.755814 0.723958 0.075581 0.218750
ਧਾ 0.821705 0.730903 0.058140 0.225694
ਰ 0.875484 0.730903 0.051357 0.246528
ਹੈ 0.936047 0.701389 0.058140 0.298611
। 0.988372 0.746528 0.023256 0.208333