ਫ 0.467262 0.270007 0.123016 0.143188
ਰੀ 0.609623 0.247189 0.154762 0.176257
ਭਾ 0.272321 0.378638 0.049603 0.048942
ਰ 0.309028 0.380952 0.030754 0.050265
ਤ 0.339658 0.375496 0.035466 0.048611
ਅ 0.385789 0.376984 0.042411 0.045635
ਤੇ 0.421255 0.369213 0.037946 0.051918
ਪੰ 0.462550 0.370866 0.030754 0.051918
ਜਾ 0.495040 0.374669 0.039187 0.046958
ਬ 0.530382 0.373181 0.029514 0.047288
ਸ 0.568328 0.373181 0.029514 0.047288
ਰ 0.594866 0.370701 0.026042 0.045635
ਕਾ 0.626116 0.369048 0.038938 0.045635
ਰ  0.659846 0.369213 0.032986 0.042659
ਵੱ 0.694072 0.358796 0.028522 0.053571
ਲੋਂ 0.723586 0.357308 0.032986 0.047288
ਪ੍ਰ 0.764261 0.366071 0.029514 0.045635
ਵਾ 0.794519 0.361938 0.035466 0.047288
ਨ 0.824529 0.359623 0.027034 0.042659
ਤ 0.854663 0.361276 0.033234 0.039352
ਕਿੱ 0.263021 0.469246 0.096974 0.119709
ਤਾ 0.350942 0.474702 0.090774 0.092923
ਸਿ 0.451265 0.457341 0.088542 0.105820
ਖ 0.521577 0.466766 0.056548 0.092923
ਲਾ 0.589534 0.462963 0.083829 0.091270
ਈ 0.674603 0.446263 0.083829 0.102183
ਕੌ 0.750744 0.443948 0.059028 0.113426
ਰ 0.800967 0.448578 0.050843 0.088294
ਸ 0.854043 0.446263 0.057788 0.092923
ਫੈ 0.239335 0.562831 0.047123 0.064815
ਸ਼ 0.278150 0.564319 0.036954 0.055225
ਨ 0.314236 0.562665 0.041667 0.047950
ਡਿ 0.369420 0.554729 0.051339 0.055225
ਜ਼ਾ 0.416915 0.559028 0.047123 0.049272
ਈ 0.462922 0.547784 0.044891 0.060516
ਨਿੰ 0.508557 0.540344 0.044891 0.054233
ਗ 0.546503 0.543485 0.035962 0.041336
, 0.570561 0.562169 0.020089 0.023148
ਸਿ  0.616567 0.534888 0.044643 0.054563
ਲਾ 0.660590 0.535549 0.046379 0.040675
ਈ  0.707093 0.531746 0.049603 0.054233
ਕ 0.760293 0.536541 0.035962 0.044643
ਢਾ 0.798983 0.532738 0.043403 0.043651
ਈ 0.846602 0.529101 0.053819 0.055556
ਅ 0.384177 0.633102 0.045635 0.041336
ਤੇ 0.422495 0.619874 0.034474 0.053241
ਕੰ 0.473710 0.616567 0.037698 0.057870
ਪਿ 0.512153 0.612434 0.044147 0.057540
ਊ 0.550967 0.613922 0.036954 0.071759
ਟ 0.581349 0.611276 0.030258 0.040675
ਰ 0.613715 0.602679 0.034474 0.040675
ਬੇ 0.655382 0.599537 0.032986 0.059524
ਸਿ 0.690972 0.600529 0.043155 0.057540
ਕ 0.731771 0.605985 0.041419 0.042659
ਜੇ 0.240203 0.721230 0.035962 0.046958
- 0.268973 0.721561 0.028026 0.015873
ਬ 0.296131 0.720073 0.029762 0.034061
ਲਾ 0.330109 0.712467 0.043155 0.034061
ਕ 0.367436 0.708333 0.034474 0.036376
, 0.390997 0.715774 0.017609 0.021495
ਬੀ 0.432540 0.694444 0.044643 0.042989
. 0.460565 0.701885 0.012897 0.021495
ਆ 0.486979 0.689649 0.047867 0.030754
ਰ 0.523810 0.684358 0.028770 0.035384
. 0.545015 0.692956 0.013641 0.018188
ਐੱ 0.564608 0.675761 0.039931 0.047950
ਸ 0.596602 0.679563 0.031994 0.036376
. 0.617436 0.687500 0.012649 0.020503
ਨ 0.648934 0.675761 0.029514 0.039352
ਗ 0.675471 0.675265 0.029514 0.038360
ਰ 0.700273 0.677910 0.028026 0.033069
, 0.718626 0.691303 0.016617 0.023479
ਲੁ 0.748636 0.680556 0.033482 0.038360
ਧਿ 0.777654 0.675595 0.032986 0.039021
ਆ 0.812624 0.677579 0.037946 0.029762
ਣਾ 0.851066 0.676257 0.037946 0.031085
ਸੰ 0.247520 0.765708 0.029266 0.042659
ਪ 0.273562 0.770172 0.022817 0.032407
ਰ 0.295387 0.764550 0.020833 0.029762
ਕ 0.319940 0.761574 0.027282 0.033069
ਨੰ 0.356151 0.750165 0.029762 0.040013
. 0.375868 0.763393 0.011657 0.016204
8 0.403150 0.744378 0.022569 0.036376
0 0.424603 0.741071 0.022321 0.036376
1 0.445685 0.738261 0.018849 0.039352
4 0.467510 0.734623 0.020833 0.037368
- 0.485987 0.734623 0.016121 0.015542
1 0.502852 0.728836 0.018601 0.037698
2 0.524306 0.725860 0.020337 0.034392
- 0.543279 0.728175 0.016617 0.011905
2 0.561260 0.720569 0.021329 0.034392
3 0.582093 0.719411 0.021329 0.034061
2 0.604415 0.716601 0.021329 0.037698
3 0.624256 0.715939 0.022817 0.035053
, 0.640501 0.726852 0.009673 0.019180
9 0.660714 0.716931 0.021825 0.037037
8 0.680308 0.716270 0.019345 0.038360
7 0.697421 0.717097 0.018353 0.038690
- 0.714658 0.721065 0.016121 0.012897
8 0.729663 0.716931 0.019841 0.033069
8 0.748388 0.719081 0.019593 0.033399
8 0.765625 0.718254 0.020833 0.031746
- 0.781870 0.721396 0.013641 0.013558
6 0.797247 0.717262 0.019097 0.031085
6 0.814608 0.715939 0.019593 0.031085
6 0.832341 0.716270 0.020833 0.030423
- 0.848586 0.719081 0.012649 0.012897
8 0.862351 0.713955 0.024802 0.028439