ਬ 0.104373 0.449046 0.040427 0.147139
ਲ 0.148614 0.449319 0.046021 0.155313
ਵੰ  0.188660 0.432970 0.035596 0.183651
ਡ  0.224002 0.446049 0.036613 0.141144
ਖੀ 0.270659 0.432970 0.052632 0.188011
ਵੀ  0.319603 0.432970 0.045258 0.183651
ਨੇ  0.364734 0.432970 0.039410 0.179292
ਕ  0.403890 0.452316 0.042461 0.149319
ਜ   0.443936 0.448229 0.039664 0.153134
ਨ  0.481566 0.452044 0.039664 0.141144
ਜਿ  0.521103 0.438147 0.049072 0.173297
ਸੁ  0.560259 0.454223 0.034833 0.161853
ਬ  0.594966 0.452044 0.036613 0.141144
ਹੁ   0.624333 0.454223 0.034833 0.165123
ਤੀ  0.658658 0.439237 0.041444 0.163488
ਛਾ  0.700483 0.446049 0.044241 0.133515
ਉ  0.737605  0.434060 0.032037 0.165123
ਪ  0.769641 0.450954 0.037630 0.143324
ਤ੍ਰਾ 0.804094 0.456131 0.038393 0.161308
ਲੀ  0.848335 0.440872 0.051615 0.163488
॥  0.882278 0.447139 0.027460 0.138965
ਲੰ   0.093567 0.632698 0.043224 0.191826
ਗ  0.133105 0.652861 0.039410 0.151499
ਰਿ  0.174549 0.630790 0.045004 0.188011
ਦ  0.216501 0.650136 0.034833 0.161308
ਉ  0.250318 0.643052 0.034833 0.215804
ਲ  0.286677 0.644959 0.041444 0.147684
ਤਿ  0.330918 0.628883 0.041444 0.187466
ਵੰ  0.372743 0.630790 0.038647 0.176022
ਡੀ  0.414569 0.631880 0.041444 0.181471
ਐ  0.460844 0.619891 0.052632 0.197820
ਰ   0.504704 0.641962 0.031020 0.141689
ਸੁ  0.538520 0.651226 0.038647 0.163488
ਅੰ  0.581871 0.629700 0.053649 0.173842
ਮ੍ਰਿ  0.629418 0.645777 0.047038 0.205995
ਤ 0.660946 0.638692 0.032799 0.151499
ਖੀ 0.698576 0.631608 0.050089 0.177657
ਰਿ  0.739130 0.623978 0.044241 0.177657
ਘਿ 0.782863 0.629973 0.056445 0.177657
ਆ 0.829901 0.640054 0.050852 0.141144
ਲੀ 0.877574 0.628610 0.046021 0.171662
॥ 0.904780 0.644959 0.023646 0.143324