ਮਾ 0.068798 0.835240 0.056202 0.132723
ਤਾ 0.125969 0.839817 0.056202 0.132723
ਪਿ 0.195252 0.832952 0.059109 0.169336
ਤਾ 0.250000 0.847826 0.056202 0.148741
ਤੇ 0.308140 0.832952 0.044574 0.132723
ਗੁ 0.354651 0.855835 0.046512 0.137300
ਰੂ 0.393895 0.866133 0.037791 0.167048
ਆਂ 0.447190 0.848970 0.068798 0.137300
ਦਾ 0.511628 0.860412 0.062016 0.114416
ਸ 0.564438 0.860412 0.043605 0.123570
ਨ 0.606105 0.866133 0.041667 0.121281
ਮਾ 0.652616 0.862700 0.051357 0.123570
ਨ 0.696221 0.870709 0.035853 0.139588
ਕ 0.735465 0.871854 0.038760 0.123570
ਰ 0.769380 0.871854 0.034884 0.123570
ਨਾ 0.812984 0.874142 0.054264 0.118993
ਚਾ 0.871609 0.885584 0.057171 0.118993
ਹੀ 0.922481 0.870709 0.050388 0.148741
ਦਾ 0.971899 0.885584 0.054264 0.141876