ਸ 0.238219 0.424272 0.056796 0.111772
ਬ 0.282366 0.425099 0.050843 0.110119
ਸੈਂ 0.329613 0.412368 0.046131 0.148148
ਟ 0.366319 0.429894 0.034226 0.107143
ਰ 0.399430 0.431382 0.038938 0.116733
ਸਿੱ 0.446057 0.424272 0.054315 0.136905
ਧ 0.485491 0.424603 0.040427 0.128968
ਵਾਂ 0.525050 0.429894 0.049603 0.125000
ਖੁ 0.573413 0.451720 0.041171 0.115079
ਰ 0.604911 0.440476 0.029266 0.099206
ਦ 0.638889 0.442460 0.041171 0.088624
ਅੱ 0.504836 0.563161 0.059772 0.121693
ਗੇ 0.560764 0.561839 0.052083 0.117725
ਹੈ 0.623636 0.559524 0.055804 0.114418